 POS	AMINO ACID	IUPRED SCORE	ANCHOR SCORE
1	M	0.9604	0.5653
2	K	0.9392	0.5716
3	R	0.9299	0.5803
4	G	0.8945	0.6020
5	K	0.8200	0.6402
6	D	0.8036	0.6709
7	E	0.7688	0.6996
8	E	0.6906	0.7551
9	K	0.6604	0.8126
10	I	0.5711	0.8627
11	L	0.5374	0.8899
12	E	0.5667	0.8999
13	P	0.5549	0.9169
14	M	0.5667	0.9297
15	F	0.5711	0.9345
16	P	0.5711	0.9300
17	R	0.5711	0.9255
18	L	0.5992	0.9210
19	H	0.5992	0.9060
20	V	0.5711	0.8848
21	N	0.6293	0.8504
22	D	0.6789	0.8183
23	A	0.6827	0.7959
24	D	0.6681	0.7553
25	K	0.6906	0.7109
26	G	0.7192	0.6819
27	G	0.6870	0.6759
28	P	0.6516	0.6885
29	R	0.6412	0.7085
30	A	0.6374	0.7362
31	P	0.7079	0.7606
32	P	0.6650	0.8023
33	R	0.6557	0.8367
34	N	0.6293	0.8689
35	K	0.6412	0.9011
36	M	0.6374	0.9281
37	A	0.6557	0.9420
38	L	0.6681	0.9502
39	Y	0.5941	0.9534
40	E	0.5941	0.9532
41	Q	0.6293	0.9550
42	L	0.6079	0.9579
43	S	0.5846	0.9536
44	I	0.5802	0.9484
45	P	0.5623	0.9405
46	S	0.5583	0.9294
47	Q	0.5846	0.9161
48	R	0.6079	0.9049
49	F	0.6442	0.8944
50	G	0.7034	0.8753
51	D	0.6984	0.8557
52	H	0.6756	0.8260
53	G	0.7192	0.7826
54	T	0.7147	0.7451
55	M	0.7232	0.7236
56	N	0.6681	0.6978
57	S	0.6681	0.6830
58	R	0.6681	0.6686
59	S	0.6557	0.6511
60	N	0.7232	0.6351
61	N	0.7232	0.6398
62	T	0.7111	0.6501
63	S	0.7232	0.6653
64	T	0.7388	0.6876
65	L	0.6756	0.7102
66	V	0.6944	0.7029
67	H	0.6557	0.6977
68	P	0.6681	0.6760
69	G	0.6715	0.6565
70	P	0.6715	0.6384
71	S	0.6293	0.6333
72	S	0.6255	0.6267
73	Q	0.5762	0.6265
74	P	0.5900	0.6265
75	C	0.5992	0.6297
76	G	0.5900	0.6512
77	V	0.6412	0.6859
78	E	0.6374	0.7146
79	R	0.6124	0.7494
80	N	0.5846	0.7806
81	L	0.5412	0.8144
82	S	0.5473	0.8258
83	V	0.5549	0.8354
84	Q	0.5229	0.8368
85	H	0.4918	0.8390
86	L	0.5623	0.8319
87	D	0.5583	0.8049
88	S	0.5331	0.7833
89	S	0.4781	0.7721
90	A	0.4703	0.7583
91	A	0.4749	0.7334
92	N	0.5008	0.7066
93	Q	0.5008	0.6963
94	A	0.4781	0.7002
95	T	0.4420	0.7134
96	E	0.4458	0.7249
97	K	0.5043	0.7411
98	F	0.4282	0.7701
99	V	0.4245	0.7794
100	S	0.4245	0.7798
101	Q	0.4458	0.7817
102	M	0.4458	0.7931
103	S	0.4458	0.7914
104	F	0.4458	0.7931
105	M	0.4825	0.7787
106	E	0.4967	0.7480
107	N	0.4879	0.7202
108	V	0.4825	0.6912
109	R	0.5296	0.6631
110	S	0.5253	0.6490
111	S	0.5253	0.6428
112	A	0.5173	0.6364
113	Q	0.5374	0.6179
114	H	0.5296	0.6094
115	D	0.6079	0.5882
116	Q	0.5667	0.5869
117	R	0.5473	0.6052
118	K	0.5008	0.6256
119	M	0.5846	0.6466
120	V	0.5514	0.6576
121	R	0.5008	0.6638
122	E	0.4556	0.6764
123	E	0.4879	0.6912
124	E	0.4825	0.7148
125	D	0.4749	0.7435
126	F	0.4651	0.7771
127	A	0.4556	0.7937
128	V	0.4825	0.7981
129	P	0.4879	0.7951
130	V	0.5229	0.7961
131	Y	0.5711	0.7980
132	I	0.5711	0.7955
133	N	0.5762	0.7757
134	S	0.5762	0.7542
135	R	0.5802	0.7268
136	R	0.5846	0.6907
137	S	0.6035	0.6607
138	Q	0.6219	0.6334
139	S	0.6604	0.6153
140	H	0.6412	0.5969
141	G	0.6789	0.5616
142	R	0.7418	0.5404
143	T	0.7772	0.5209
144	K	0.7951	0.5176
145	S	0.7817	0.5292
146	G	0.7418	0.5484
147	I	0.7232	0.5751
148	E	0.7418	0.5779
149	K	0.7275	0.5921
150	E	0.7275	0.6029
151	K	0.7232	0.6284
152	H	0.7317	0.6668
153	T	0.7317	0.6914
154	P	0.6906	0.7254
155	M	0.6984	0.7577
156	V	0.6442	0.7743
157	A	0.6442	0.7776
158	P	0.6827	0.7702
159	S	0.6412	0.7764
160	S	0.6374	0.7786
161	H	0.6374	0.7773
162	H	0.6255	0.7601
163	S	0.6079	0.7302
164	I	0.6124	0.7066
165	R	0.5900	0.6632
166	F	0.6124	0.6109
167	Q	0.6516	0.5468
168	E	0.6174	0.5004
169	V	0.5043	0.4647
170	N	0.4420	0.4304
171	Q	0.4116	0.4076
172	T	0.3939	0.3904
173	G	0.2865	0.3810
174	S	0.2865	0.3784
175	K	0.3225	0.3750
176	Q	0.3399	0.3814
177	N	0.4078	0.3912
178	V	0.3399	0.4159
179	C	0.3359	0.4297
180	L	0.3939	0.4447
181	A	0.3885	0.4466
182	T	0.3263	0.4441
183	C	0.3184	0.4413
184	S	0.2865	0.4426
185	K	0.2820	0.4422
186	P	0.2531	0.4454
187	E	0.2385	0.4466
188	V	0.2333	0.4481
189	R	0.2913	0.4417
190	D	0.3806	0.4376
191	Q	0.3630	0.4371
192	V	0.3491	0.4476
193	K	0.2865	0.4584
194	A	0.3762	0.4697
195	N	0.3146	0.4802
196	A	0.3263	0.4937
197	R	0.2483	0.5059
198	S	0.2385	0.5184
199	G	0.2531	0.5340
200	G	0.2483	0.5530
201	F	0.2483	0.5710
202	V	0.2531	0.5768
203	I	0.2333	0.5790
204	S	0.2531	0.5768
205	L	0.2209	0.5794
206	D	0.2255	0.5728
207	V	0.2531	0.5634
208	S	0.2558	0.5467
209	V	0.2292	0.5324
210	T	0.2292	0.5101
211	E	0.2292	0.4899
212	E	0.3146	0.4775
213	I	0.3578	0.4760
214	D	0.4203	0.4682
215	L	0.3668	0.4719
216	E	0.4379	0.4619
217	K	0.4282	0.4606
218	S	0.4282	0.4704
219	A	0.4333	0.4834
220	S	0.4703	0.4953
221	S	0.4749	0.5119
222	H	0.4203	0.5359
223	D	0.4116	0.5490
224	R	0.5008	0.5628
225	V	0.5008	0.5830
226	N	0.5623	0.5923
227	D	0.5549	0.6091
228	Y	0.5583	0.6247
229	N	0.5583	0.6173
230	A	0.5412	0.6233
231	S	0.5043	0.6350
232	L	0.5084	0.6425
233	R	0.5043	0.6301
234	Q	0.5043	0.6247
235	E	0.5126	0.6154
236	S	0.5623	0.6018
237	R	0.5583	0.5919
238	N	0.5583	0.5825
239	R	0.5762	0.5933
240	L	0.5667	0.6216
241	Y	0.5900	0.6201
242	R	0.5900	0.5883
243	D	0.6374	0.5615
244	G	0.6474	0.5453
245	G	0.6374	0.5254
246	K	0.6293	0.5142
247	T	0.6334	0.5061
248	R	0.6412	0.5045
249	L	0.6442	0.5149
250	K	0.6255	0.5028
251	D	0.6557	0.5036
252	T	0.6906	0.5197
253	D	0.6906	0.5571
254	N	0.6906	0.5864
255	G	0.6906	0.6252
256	A	0.6906	0.6630
257	E	0.7079	0.6862
258	S	0.7192	0.7085
259	H	0.7232	0.7253
260	L	0.7573	0.7311
261	A	0.7605	0.7225
262	T	0.7605	0.6976
263	E	0.7951	0.6812
264	N	0.8074	0.6653
265	H	0.8118	0.6556
266	S	0.7688	0.6452
267	Q	0.7912	0.6324
268	E	0.7817	0.6197
269	G	0.7951	0.6085
270	H	0.7772	0.5963
271	G	0.8242	0.5806
272	S	0.7817	0.5969
273	P	0.7912	0.6202
274	E	0.7688	0.6242
275	D	0.7688	0.6302
276	I	0.7573	0.6277
277	D	0.7418	0.6118
278	N	0.6827	0.5982
279	D	0.6604	0.5985
280	R	0.6604	0.5958
281	E	0.6124	0.6080
282	Y	0.6293	0.6219
283	S	0.6442	0.6121
284	K	0.5667	0.6085
285	S	0.5549	0.6141
286	R	0.5623	0.6163
287	A	0.6174	0.6237
288	C	0.5802	0.6341
289	A	0.5802	0.6406
290	S	0.5802	0.6355
291	L	0.6035	0.6284
292	Q	0.5374	0.6109
293	Q	0.5846	0.5927
294	I	0.5941	0.5814
295	N	0.6219	0.5624
296	E	0.6174	0.5446
297	E	0.6079	0.5341
298	A	0.5667	0.5227
299	S	0.6219	0.5110
300	D	0.6334	0.5004
301	D	0.5623	0.4919
302	V	0.6124	0.4824
303	S	0.5900	0.4733
304	D	0.5008	0.4636
305	D	0.5514	0.4546
306	S	0.4918	0.4465
307	M	0.4749	0.4383
308	V	0.4918	0.4296
309	D	0.5229	0.4229
310	S	0.5296	0.4185
311	I	0.4556	0.4162
312	S	0.3806	0.4182
313	S	0.4333	0.4214
314	I	0.3578	0.4244
315	D	0.2602	0.4295
316	V	0.2531	0.4317
317	S	0.2657	0.4244
318	P	0.2820	0.4156
319	D	0.3225	0.4065
320	D	0.2167	0.3977
321	V	0.1416	0.3903
322	V	0.1921	0.3825
323	G	0.1635	0.3777
324	I	0.1566	0.3717
325	L	0.2209	0.3643
326	G	0.1732	0.3572
327	Q	0.1416	0.3489
328	K	0.1150	0.3415
329	R	0.0965	0.3355
330	F	0.0935	0.3332
331	W	0.0884	0.3271
332	R	0.1240	0.3131
333	A	0.1088	0.2969
334	R	0.0542	0.2786
335	K	0.0677	0.2642
336	A	0.0643	0.2501
337	I	0.0621	0.2362
338	A	0.0308	0.2235
339	N	0.0144	0.2087
340	Q	0.0157	0.1923
341	Q	0.0144	0.1747
342	R	0.0286	0.1641
343	V	0.0286	0.1583
344	F	0.0167	0.1531
345	A	0.0082	0.1449
346	V	0.0083	0.1371
347	Q	0.0066	0.1297
348	L	0.0121	0.1231
349	F	0.0157	0.1190
350	E	0.0078	0.1154
351	L	0.0034	0.1116
352	H	0.0026	0.1114
353	R	0.0013	0.1059
354	L	0.0034	0.0998
355	I	0.0090	0.0961
356	K	0.0124	0.0972
357	V	0.0118	0.0979
358	Q	0.0062	0.1015
359	K	0.0061	0.1052
360	L	0.0124	0.1075
361	I	0.0128	0.1102
362	A	0.0128	0.1148
363	A	0.0124	0.1179
364	S	0.0067	0.1256
365	P	0.0074	0.1361
366	D	0.0150	0.1454
367	L	0.0150	0.1520
368	L	0.0150	0.1591
369	L	0.0144	0.1667
370	D	0.0109	0.1783
371	E	0.0245	0.1901
372	I	0.0478	0.2052
373	S	0.0363	0.2231
374	F	0.0554	0.2425
375	L	0.0350	0.2588
376	G	0.0274	0.2739
377	K	0.0259	0.2884
378	V	0.0308	0.3027
379	S	0.0395	0.3208
380	A	0.0909	0.3384
381	K	0.0858	0.3534
382	S	0.0858	0.3661
383	Y	0.0965	0.3789
384	P	0.0677	0.3902
385	V	0.0965	0.3995
386	K	0.1566	0.4096
387	K	0.1732	0.4194
388	L	0.1921	0.4280
389	L	0.2122	0.4329
390	P	0.2385	0.4299
391	S	0.2963	0.4276
392	E	0.2432	0.4266
393	F	0.1998	0.4270
394	L	0.2292	0.4300
395	V	0.2041	0.4356
396	K	0.2963	0.4426
397	P	0.3005	0.4501
398	P	0.3096	0.4581
399	L	0.3885	0.4673
400	P	0.4651	0.4736
401	H	0.4379	0.4790
402	V	0.4458	0.4810
403	V	0.4458	0.4793
404	V	0.5473	0.4754
405	K	0.6174	0.4699
406	Q	0.6756	0.4693
407	R	0.6789	0.4692
408	G	0.6334	0.4707
409	D	0.6174	0.4715
410	S	0.6756	0.4715
411	E	0.6650	0.4739
412	K	0.6334	0.4808
413	T	0.6827	0.4900
414	D	0.7342	0.5009
415	Q	0.7501	0.5163
416	H	0.7192	0.5383
417	K	0.7079	0.5519
418	M	0.7147	0.5669
419	E	0.6827	0.5823
420	S	0.6789	0.6016
421	S	0.6827	0.6225
422	A	0.7034	0.6445
423	E	0.6944	0.6609
424	N	0.6984	0.6878
425	V	0.6944	0.7194
426	V	0.7034	0.7443
427	G	0.7147	0.7592
428	R	0.7147	0.7760
429	L	0.7458	0.7865
430	S	0.6906	0.7846
431	N	0.6681	0.7834
432	Q	0.6715	0.7812
433	G	0.6412	0.7871
434	H	0.6255	0.7981
435	H	0.6219	0.7964
436	Q	0.6557	0.7834
437	Q	0.7034	0.7719
438	S	0.7147	0.7627
439	N	0.6870	0.7608
440	Y	0.7147	0.7645
441	M	0.7232	0.7675
442	P	0.6984	0.7587
443	F	0.6906	0.7478
444	A	0.6984	0.7108
445	N	0.6984	0.6637
446	N	0.6374	0.6241
447	P	0.5412	0.5889
448	P	0.4651	0.5703
449	A	0.4749	0.5547
450	S	0.4781	0.5277
451	P	0.5549	0.5013
452	A	0.5900	0.4815
453	P	0.5846	0.4589
454	N	0.6442	0.4365
455	G	0.6557	0.4279
456	Y	0.6516	0.4219
457	C	0.6474	0.4120
458	F	0.6293	0.4089
459	P	0.6442	0.3899
460	P	0.6906	0.3803
461	Q	0.6124	0.3808
462	P	0.5623	0.3873
463	P	0.5473	0.4035
464	P	0.5473	0.4245
465	S	0.4967	0.4548
466	G	0.4379	0.4809
467	N	0.5043	0.5088
468	H	0.5846	0.5337
469	Q	0.6374	0.5524
470	Q	0.6412	0.5750
471	W	0.6293	0.5868
472	L	0.5583	0.6026
473	I	0.5126	0.6063
474	P	0.4203	0.5947
475	V	0.4245	0.5884
476	M	0.4282	0.5688
477	S	0.4245	0.5574
478	P	0.4333	0.5427
479	S	0.4333	0.5346
480	E	0.3491	0.5238
481	G	0.2820	0.5121
482	L	0.3668	0.4997
483	I	0.4037	0.4708
484	Y	0.4333	0.4397
485	K	0.4149	0.4176
486	P	0.3630	0.3865
487	H	0.4116	0.3687
488	P	0.4078	0.3511
489	G	0.3096	0.3374
490	M	0.2209	0.3172
491	A	0.1998	0.3045
492	H	0.1998	0.2917
493	T	0.1667	0.2786
494	G	0.1532	0.2650
495	H	0.2292	0.2527
496	Y	0.2209	0.4299
497	G	0.2167	0.4236
498	G	0.1602	0.4093
499	Y	0.1205	0.3962
500	Y	0.0858	0.3861
501	G	0.1205	0.3832
502	H	0.1667	0.3793
503	Y	0.1018	0.3756
504	M	0.0965	0.3764
505	P	0.1018	0.3804
506	T	0.0991	0.3897
507	P	0.1178	0.3955
508	M	0.1117	0.4016
509	V	0.0701	0.4212
510	M	0.1205	0.4365
511	P	0.1958	0.2646
512	Q	0.2080	0.2713
513	Y	0.2080	0.2770
514	H	0.2963	0.2867
515	P	0.3535	0.2952
516	G	0.2748	0.3049
517	M	0.2167	0.3206
518	G	0.2255	0.3436
519	F	0.3096	0.3644
520	P	0.2820	0.3651
521	P	0.3456	0.3732
522	P	0.3053	0.3826
523	G	0.2255	0.3954
524	N	0.3399	0.4128
525	G	0.3491	0.4298
526	Y	0.3146	0.4597
527	F	0.2865	0.4901
528	P	0.3578	0.4897
529	P	0.3885	0.4873
530	Y	0.4037	0.4905
531	G	0.3096	0.5036
532	M	0.3146	0.5163
533	M	0.3096	0.5296
534	P	0.3359	0.5390
535	T	0.3491	0.5515
536	I	0.3630	0.5663
537	M	0.4513	0.5530
538	N	0.5173	0.5354
539	P	0.5173	0.5417
540	Y	0.5084	0.5473
541	C	0.6124	0.5433
542	S	0.6219	0.5488
543	S	0.6681	0.5438
544	Q	0.7147	0.5277
545	Q	0.6789	0.5264
546	Q	0.6906	0.5192
547	Q	0.7275	0.5070
548	Q	0.7418	0.5494
549	Q	0.7501	0.5963
550	Q	0.7540	0.6516
551	P	0.8556	0.7081
552	N	0.9208	0.7643
553	E	0.9280	0.8101
554	Q	0.9119	0.8692
555	M	0.9040	0.9132
556	N	0.9040	0.9351
557	Q	0.8886	0.9530
558	F	0.8857	0.9670
559	G	0.8857	0.9672
560	H	0.8857	0.9658
561	P	0.8857	0.9592
562	G	0.8677	0.9494
563	N	0.8746	0.9375
564	L	0.8746	0.9244
565	Q	0.8886	0.8855
566	N	0.9119	0.8298
567	T	0.9068	0.7662
568	Q	0.9257	0.6952
569	Q	0.9348	0.6343
570	Q	0.9466	0.6299
571	Q	0.9423	0.6314
572	Q	0.9280	0.6508
573	R	0.9299	0.6784
574	S	0.9299	0.6857
575	D	0.9512	0.6771
576	N	0.9640	0.6837
577	E	0.9562	0.6883
578	P	0.9624	0.7015
579	A	0.9624	0.7017
580	P	0.9447	0.6883
581	Q	0.9562	0.6671
582	Q	0.9624	0.6600
583	Q	0.9534	0.6770
584	Q	0.9534	0.7010
585	Q	0.9491	0.7377
586	P	0.9369	0.7839
587	T	0.9369	0.8259
588	K	0.9491	0.8627
589	S	0.9316	0.8922
590	Y	0.9369	0.9165
591	P	0.9162	0.9239
592	R	0.9141	0.9296
593	A	0.9040	0.9306
594	R	0.8886	0.9202
595	K	0.8945	0.9066
596	S	0.8823	0.8921
597	R	0.8595	0.8730
598	Q	0.8823	0.8534
599	G	0.8920	0.8277
600	S	0.8920	0.7948
601	T	0.8920	0.7849
602	G	0.8626	0.8021
603	S	0.8457	0.8200
604	S	0.8521	0.8387
605	P	0.8350	0.8587
606	S	0.8311	0.8726
607	G	0.7912	0.9028
608	P	0.7869	0.9260
609	Q	0.7912	0.9437
610	G	0.7501	0.9660
611	I	0.7388	0.9804
612	S	0.7275	0.9857
613	G	0.6870	0.9902
614	S	0.6870	0.9931
615	K	0.7034	0.9950
616	S	0.6789	0.9966
617	F	0.6756	0.9977
618	R	0.6756	0.9976
619	P	0.6219	0.9977
620	F	0.5992	0.9978
621	A	0.5941	0.9966
622	A	0.6079	0.9945
623	V	0.6412	0.9915
624	D	0.6516	0.9845
625	E	0.6650	0.9723
626	D	0.6604	0.9524
627	S	0.6474	0.9267
628	N	0.6789	0.8882
629	I	0.6604	0.8613
630	N	0.6293	0.7975
631	N	0.6604	0.7230
632	A	0.6650	0.6798
633	P	0.6715	0.6250
634	E	0.6984	0.5689
635	Q	0.7034	0.5390
636	T	0.6789	0.5077
637	M	0.6715	0.4793
638	T	0.6374	0.4145
639	T	0.6293	0.3581
640	T	0.6650	0.3072
641	T	0.6557	0.2839
642	T	0.6516	0.2615
643	T	0.6789	0.2453
644	T	0.6474	0.2399
645	R	0.6374	0.2433
646	T	0.6334	0.2420
647	T	0.6412	0.2454
648	V	0.6035	0.2607
649	T	0.6035	0.2726
650	Q	0.6219	0.2893
651	T	0.5802	0.3214
652	T	0.5331	0.3778
653	R	0.5296	0.4364
654	D	0.4918	0.5040
655	G	0.4458	0.5891
656	G	0.4703	0.6675
657	G	0.4918	0.7455
658	V	0.5043	0.8048
659	T	0.5229	0.8418
660	R	0.5253	0.8795
661	V	0.4703	0.9151
662	I	0.4513	0.9354
663	K	0.4600	0.9425
664	V	0.4420	0.9500
665	V	0.4458	0.9506
666	P	0.4245	0.9451
667	H	0.3992	0.9395
668	N	0.3939	0.9295
669	A	0.3885	0.9262
670	K	0.3263	0.9292
671	L	0.3225	0.9318
672	A	0.3668	0.9231
673	S	0.3535	0.9167
674	E	0.3717	0.9138
675	N	0.4116	0.9091
676	A	0.4556	0.9088
677	A	0.4245	0.9092
678	R	0.4116	0.9043
679	I	0.4037	0.9007
680	F	0.3630	0.8868
681	Q	0.3717	0.8490
682	S	0.4245	0.8063
683	I	0.4458	0.7713
684	Q	0.4379	0.7165
685	E	0.4781	0.6636
686	E	0.5126	0.6171
687	R	0.5711	0.5793
688	K	0.6334	0.5438
689	R	0.6650	0.5261
690	Y	0.7540	0.5121
691	D	0.8521	0.4907
692	S	0.8746	0.4975
693	S	0.9040	0.4991
694	K	0.9604	0.5000
695	P	0.9684	0.5272