#
# MoRFchibi SYSTEM <Release 1.0 Dec. 15 2015>
#
# The University of British Columbia
# Michael Smith Laboratories - Center for High-Throughput Biology 
#
# Column	Data type
#   1   	residue index
#   2   	residue
#   3   	MCW
#   4   	MCL
#   5   	MC
#   6   	MDC
#   7   	IDP
#   8   	ICS
#
# >sp|O82804|ELF3_ARATH Protein EARLY FLOWERING 3 OS=Arabidopsis thaliana OX=3702 GN=ELF3 PE=1 SV=1
1	M	0.792888	0.731859	0.629565	0.69255	0.616265	0.65056
2	K	0.797988	0.739815	0.63384	0.695305	0.621585	0.62472
3	R	0.798519	0.741132	0.63346	0.69635	0.62358	0.611515
4	G	0.796778	0.736264	0.635835	0.691885	0.61522	0.66329
5	K	0.802772	0.743996	0.643435	0.692835	0.61693	0.588145
6	D	0.807933	0.750275	0.65075	0.693025	0.617215	0.618355
7	E	0.796505	0.758889	0.660345	0.668135	0.618165	0.617025
8	E	0.800747	0.763818	0.666045	0.668325	0.618545	0.59242
9	K	0.794162	0.765566	0.667755	0.657495	0.61902	0.625955
10	I	0.802313	0.765111	0.6688	0.667755	0.61731	0.46246
11	L	0.793555	0.763592	0.6688	0.655595	0.615315	0.42598
12	E	0.801087	0.763257	0.667945	0.6669	0.61579	0.548815
13	P	0.798624	0.760266	0.664905	0.66652	0.615125	0.671203
14	M	0.815502	0.757554	0.664905	0.690175	0.61161	0.56392
15	F	0.825141	0.75797	0.665855	0.703095	0.611135	0.663385
16	P	0.824792	0.757769	0.66481	0.70357	0.61199	0.670439
17	R	0.822817	0.754371	0.663195	0.70224	0.60933	0.66139
18	L	0.822184	0.7533	0.66253	0.701955	0.608665	0.646475
19	H	0.820589	0.751521	0.659585	0.70243	0.60952	0.66424
20	V	0.809832	0.750705	0.656355	0.690365	0.611895	0.63118
21	N	0.78513	0.733071	0.636215	0.676305	0.610945	0.606385
22	D	0.782971	0.731261	0.631845	0.677635	0.613225	0.63878
23	A	0.78083	0.728687	0.628615	0.67792	0.613415	0.544445
24	D	0.785469	0.721114	0.62225	0.6897	0.61085	0.546915
25	K	0.76874	0.701331	0.599925	0.68913	0.61028	0.64049
26	G	0.743837	0.671608	0.567625	0.688655	0.609045	0.65949
27	G	0.736464	0.648646	0.542545	0.70205	0.608855	0.665285
28	P	0.74825	0.650219	0.54416	0.71345	0.60895	0.666472
29	R	0.801823	0.687426	0.5871	0.739955	0.607335	0.64239
30	A	0.799694	0.683598	0.58482	0.739195	0.60534	0.606385
31	P	0.797771	0.680866	0.58311	0.738245	0.60401	0.78375
32	P	0.810593	0.69772	0.60306	0.738007	0.60306	0.78375
33	R	0.837043	0.733606	0.6479	0.73625	0.59945	0.730645
34	N	0.857419	0.740198	0.6574	0.7581	0.59755	0.650085
35	K	0.847385	0.747257	0.667185	0.73473	0.595935	0.63251
36	M	0.830887	0.747687	0.67317	0.704615	0.58995	0.703
37	A	0.836023	0.754786	0.68096	0.7049	0.59052	0.701195
38	L	0.840435	0.760698	0.688085	0.704805	0.59033	0.604485
39	Y	0.833889	0.761238	0.692075	0.690745	0.58653	0.63251
40	E	0.809329	0.742329	0.66937	0.677065	0.58729	0.643625
41	Q	0.77645	0.724854	0.65151	0.650085	0.584915	0.63327
42	L	0.782832	0.721114	0.648375	0.66158	0.583727	0.571425
43	S	0.776696	0.713561	0.64087	0.660915	0.582635	0.55252
44	I	0.774024	0.709907	0.638115	0.660155	0.58121	0.54226
45	P	0.75671	0.689122	0.61636	0.659395	0.579785	0.671598
46	S	0.749239	0.679824	0.607525	0.65873	0.57836	0.636595
47	Q	0.754534	0.671689	0.60116	0.670985	0.575795	0.59242
48	R	0.668257	0.666097	0.59584	0.57741	0.575035	0.63802
49	F	0.662052	0.659614	0.59109	0.575415	0.572755	0.62244
50	G	0.634373	0.632298	0.56164	0.575225	0.57304	0.43776
51	D	0.606289	0.620042	0.549575	0.557935	0.572185	0.421135
52	H	0.568341	0.609688	0.53979	0.528865	0.57114	0.48545
53	G	0.54047	0.586676	0.5168	0.523735	0.570285	0.520505
54	T	0.559614	0.579847	0.5092	0.550525	0.570855	0.41477
55	M	0.56277	0.569706	0.4997	0.563065	0.57	0.438425
56	N	0.54176	0.545554	0.47519	0.566295	0.570047	0.523355
57	S	0.499001	0.500938	0.431395	0.567625	0.569525	0.464835
58	R	0.523168	0.493179	0.42465	0.597835	0.56867	0.51414
59	S	0.486664	0.456572	0.3895	0.59774	0.568385	0.54587
60	N	0.492971	0.45249	0.385225	0.608095	0.568765	0.564015
61	N	0.494427	0.45347	0.387172	0.607525	0.56772	0.588525
62	T	0.505233	0.463932	0.39805	0.606955	0.566865	0.50274
63	S	0.511654	0.470048	0.404605	0.606575	0.5662	0.57589
64	T	0.518432	0.476768	0.411255	0.60648	0.566058	0.483645
65	L	0.520285	0.478487	0.41344	0.6061	0.565535	0.524305
66	V	0.522539	0.480875	0.415245	0.60648	0.566058	0.587955
67	H	0.523324	0.481797	0.41572	0.606765	0.566485	0.523355
68	P	0.530265	0.477707	0.41287	0.61617	0.565345	0.625385
69	G	0.524156	0.459964	0.395295	0.62757	0.565772	0.48469
70	P	0.514516	0.450183	0.386777	0.626905	0.56487	0.57228
71	S	0.523685	0.446245	0.383372	0.63878	0.56449	0.59489
72	S	0.497457	0.444526	0.382185	0.61541	0.564015	0.611325
73	Q	0.524222	0.44656	0.384465	0.63821	0.563667	0.652555
74	P	0.52727	0.461971	0.40033	0.625575	0.56259	0.538935
75	C	0.564425	0.49939	0.436905	0.62548	0.562495	0.493145
76	G	0.589427	0.524902	0.462555	0.625195	0.562115	0.61997
77	V	0.609528	0.545273	0.48393	0.62472	0.561165	0.491055
78	E	0.611675	0.547052	0.48659	0.62434	0.56031	0.614935
79	R	0.614837	0.550698	0.48982	0.624435	0.560753	0.63004
80	N	0.604866	0.551913	0.491625	0.612845	0.560183	0.583205
81	L	0.595152	0.552722	0.49286	0.602015	0.559772	0.54321
82	S	0.594611	0.552224	0.4921	0.602205	0.560025	0.53409
83	V	0.584831	0.552306	0.49305	0.591565	0.55917	0.459515
84	Q	0.578281	0.554468	0.49514	0.583015	0.559265	0.46854
85	H	0.588971	0.556401	0.497515	0.591375	0.558853	0.58235
86	L	0.591095	0.558831	0.499415	0.59166	0.559408	0.485735
87	D	0.573617	0.541095	0.481555	0.591565	0.55936	0.52402
88	S	0.551092	0.518294	0.458755	0.591565	0.55936	0.595175
89	S	0.532722	0.508398	0.449445	0.58273	0.558853	0.53998
90	A	0.535205	0.510924	0.451915	0.58273	0.558885	0.459705
91	A	0.539778	0.515455	0.456475	0.58273	0.558822	0.48716
92	N	0.516735	0.520915	0.461795	0.5548	0.558932	0.526015
93	Q	0.524765	0.525629	0.46683	0.557745	0.5586	0.495045
94	A	0.544045	0.540888	0.48279	0.56107	0.557935	0.415055
95	T	0.546993	0.557441	0.50027	0.546725	0.557175	0.419235
96	E	0.531876	0.561283	0.50407	0.52782	0.55727	0.601445
97	K	0.530261	0.562131	0.50445	0.525825	0.557745	0.58273
98	F	0.549062	0.55852	0.50255	0.546535	0.556003	0.43301
99	V	0.557398	0.552133	0.496565	0.560785	0.555528	0.39064
100	S	0.5542	0.549008	0.493905	0.560215	0.555037	0.56411
101	Q	0.537065	0.547351	0.49305	0.54397	0.55423	0.558695
102	M	0.53588	0.54593	0.492433	0.5434	0.553423	0.462745
103	S	0.548515	0.545273	0.491435	0.556985	0.553755	0.571615
104	F	0.548976	0.545418	0.49267	0.556225	0.552678	0.408025
105	M	0.542631	0.541772	0.488965	0.553565	0.55271	0.41325
106	E	0.542002	0.539423	0.485545	0.55632	0.553755	0.485925
107	N	0.534881	0.534164	0.481175	0.553565	0.552853	0.564205
108	V	0.564993	0.530184	0.477185	0.58729	0.552853	0.490105
109	R	0.558698	0.523577	0.4712	0.58691	0.552235	0.524685
110	S	0.553154	0.50761	0.45486	0.59736	0.552678	0.518605
111	S	0.541582	0.506348	0.45391	0.587005	0.552377	0.547105
112	A	0.523043	0.51834	0.465975	0.55689	0.552235	0.513285
113	Q	0.548906	0.542708	0.490675	0.558125	0.55195	0.592515
114	H	0.565606	0.558693	0.50673	0.55898	0.552045	0.428735
115	D	0.573361	0.566095	0.51319	0.560405	0.55309	0.43168
116	Q	0.594313	0.602054	0.551855	0.543305	0.551285	0.59337
117	R	0.59524	0.602944	0.553185	0.542925	0.550873	0.593845
118	K	0.617162	0.610551	0.560405	0.55841	0.551522	0.64505
119	M	0.666767	0.614033	0.564015	0.607335	0.551522	0.43947
120	V	0.668064	0.615631	0.56506	0.607715	0.55214	0.51509
121	R	0.657529	0.615173	0.56449	0.59698	0.552235	0.467115
122	E	0.660578	0.61837	0.567435	0.59736	0.552615	0.56259
123	E	0.653345	0.610778	0.55993	0.59698	0.552235	0.58995
124	E	0.668747	0.616333	0.565915	0.60762	0.552013	0.51357
125	D	0.688793	0.626579	0.57627	0.6194	0.55233	0.59698
126	F	0.708588	0.635546	0.586625	0.631465	0.551332	0.58691
127	A	0.701375	0.640075	0.591185	0.618925	0.551522	0.448875
128	V	0.704332	0.643335	0.5947	0.61883	0.551427	0.558125
129	P	0.651858	0.645195	0.596885	0.55841	0.55119	0.646285
130	V	0.66937	0.663729	0.61617	0.557745	0.551475	0.525825
131	Y	0.723518	0.675513	0.62833	0.607525	0.551855	0.541785
132	I	0.715676	0.667018	0.619115	0.60762	0.552045	0.3933
133	N	0.664214	0.659738	0.61085	0.557555	0.552615	0.493525
134	S	0.65555	0.651631	0.601635	0.557555	0.55328	0.616645
135	R	0.646742	0.642025	0.591375	0.558505	0.553423	0.538175
136	R	0.687526	0.636916	0.58615	0.60838	0.55328	0.43757
137	S	0.64549	0.592197	0.53941	0.60857	0.553565	0.49533
138	Q	0.618437	0.584983	0.531905	0.58786	0.55366	0.59052
139	S	0.588778	0.554826	0.500555	0.58824	0.554278	0.573895
140	H	0.588962	0.554966	0.500745	0.58824	0.55423	0.505305
141	G	0.591639	0.557975	0.50312	0.58862	0.554895	0.459705
142	R	0.606557	0.581976	0.5282	0.57931	0.554278	0.54055
143	T	0.614545	0.590263	0.53637	0.5795	0.55461	0.510815
144	K	0.614152	0.597366	0.54359	0.571995	0.554705	0.49533
145	S	0.621575	0.60486	0.551475	0.5719	0.554563	0.529815
146	G	0.630585	0.614066	0.560975	0.5719	0.55461	0.52972
147	I	0.673291	0.650476	0.599355	0.579405	0.554373	0.472055
148	E	0.685695	0.65531	0.603915	0.58862	0.554942	0.454575
149	K	0.693122	0.663062	0.612275	0.588525	0.5548	0.54321
150	E	0.697706	0.667877	0.617215	0.588715	0.55499	0.576555
151	K	0.718925	0.671595	0.620635	0.6099	0.55556	0.59223
152	H	0.679163	0.673684	0.62377	0.560785	0.55461	0.39482
153	T	0.629517	0.638247	0.586055	0.54549	0.5548	0.542735
154	P	0.605389	0.614567	0.561165	0.545395	0.554942	0.58786
155	M	0.600873	0.6102	0.55708	0.544825	0.554491	0.412205
156	V	0.610412	0.605824	0.552045	0.55974	0.55499	0.432535
157	A	0.606207	0.6016	0.54739	0.560025	0.555275	0.51794
158	P	0.597743	0.59617	0.542165	0.55651	0.554895	0.55841
159	S	0.619157	0.595002	0.541025	0.57969	0.554832	0.5225
160	S	0.626627	0.602656	0.548815	0.579785	0.554942	0.54663
161	H	0.680069	0.657404	0.60705	0.57912	0.553993	0.474715
162	H	0.675358	0.659739	0.609045	0.571805	0.554491	0.469965
163	S	0.676407	0.660814	0.610185	0.571805	0.554491	0.53903
164	I	0.677551	0.661923	0.611705	0.57152	0.554135	0.41819
165	R	0.676415	0.660788	0.61047	0.57152	0.554167	0.475285
166	F	0.67492	0.65914	0.60857	0.571805	0.554325	0.503215
167	Q	0.657147	0.646559	0.595175	0.565915	0.55442	0.51794
168	E	0.653403	0.642981	0.590615	0.566485	0.555228	0.46094
169	V	0.649843	0.639329	0.587005	0.566295	0.55499	0.47576
170	N	0.585966	0.574787	0.51984	0.56658	0.555275	0.488395
171	Q	0.551958	0.540833	0.48469	0.567055	0.556003	0.476425
172	T	0.531752	0.514593	0.458422	0.572945	0.556035	0.407265
173	G	0.524735	0.507525	0.45144	0.572945	0.556003	0.485735
174	S	0.521716	0.504342	0.448828	0.572565	0.555465	0.496565
175	K	0.506784	0.508226	0.452865	0.55385	0.555275	0.5738
176	Q	0.525298	0.507696	0.45296	0.571995	0.554657	0.4883
177	N	0.504863	0.506785	0.452485	0.55233	0.55423	0.50179
178	V	0.516373	0.530194	0.476045	0.540265	0.553993	0.38437
179	C	0.480488	0.53081	0.47671	0.503785	0.553945	0.47044
180	L	0.475546	0.526827	0.472245	0.50331	0.55442	0.40622
181	A	0.473872	0.522692	0.467827	0.506065	0.554705	0.43054
182	T	0.502262	0.519262	0.464455	0.537795	0.554657	0.43263
183	C	0.502263	0.518549	0.46341	0.53884	0.55499	0.481365
184	S	0.510503	0.515974	0.46056	0.54986	0.555275	0.52478
185	K	0.530745	0.513299	0.4579	0.57247	0.555275	0.50065
186	P	0.536383	0.511024	0.456475	0.579405	0.554444	0.4845
187	E	0.547035	0.512771	0.45771	0.58862	0.554942	0.454765
188	V	0.577649	0.543537	0.489013	0.588335	0.55442	0.542165
189	R	0.576393	0.542166	0.487825	0.58824	0.55423	0.61579
190	D	0.572774	0.538676	0.48393	0.58843	0.55461	0.550145
191	Q	0.540155	0.53489	0.480225	0.55974	0.554515	0.507775
192	V	0.537411	0.532095	0.47747	0.55974	0.554467	0.41876
193	K	0.530069	0.529079	0.47405	0.555845	0.554863	0.521265
194	A	0.514836	0.513202	0.457995	0.5567	0.555085	0.44251
195	N	0.507657	0.505349	0.450205	0.557365	0.555085	0.548435
196	A	0.541189	0.506867	0.451963	0.588525	0.554832	0.474715
197	R	0.544655	0.510162	0.45562	0.588335	0.554444	0.568955
198	S	0.535425	0.509993	0.45581	0.57912	0.554087	0.513855
199	G	0.534277	0.508603	0.454955	0.578835	0.553565	0.526965
200	G	0.508936	0.509032	0.455667	0.553185	0.55328	0.50084
201	F	0.53846	0.539065	0.486305	0.552045	0.552647	0.457805
202	V	0.535593	0.538648	0.48659	0.54891	0.55195	0.44156
203	I	0.537512	0.538118	0.485545	0.551855	0.552457	0.42617
204	S	0.523588	0.536379	0.48431	0.53922	0.55195	0.54321
205	L	0.527066	0.537138	0.484832	0.542165	0.552188	0.46322
206	D	0.530335	0.540349	0.488205	0.54207	0.552045	0.583775
207	V	0.547641	0.545354	0.492765	0.5548	0.55252	0.342665
208	S	0.552053	0.550341	0.49799	0.55404	0.55233	0.54872
209	V	0.556564	0.554097	0.502075	0.554515	0.552045	0.4275
210	T	0.54448	0.557556	0.50673	0.537795	0.550905	0.47177
211	E	0.567792	0.564488	0.51338	0.55461	0.551285	0.522785
212	E	0.557943	0.5685	0.51794	0.54017	0.55081	0.488395
213	I	0.571239	0.567	0.51718	0.554325	0.55005	0.423985
214	D	0.569118	0.563264	0.513	0.55632	0.55043	0.60876
215	L	0.563054	0.556802	0.50635	0.556795	0.550525	0.44745
216	E	0.546913	0.540665	0.489915	0.55689	0.550667	0.559835
217	K	0.576428	0.519475	0.46854	0.60686	0.55081	0.55214
218	S	0.53564	0.499825	0.44954	0.585485	0.550287	0.54549
219	A	0.535917	0.49997	0.4503	0.58501	0.54967	0.481745
220	S	0.529987	0.494014	0.44441	0.58501	0.54967	0.55822
221	S	0.539058	0.502909	0.45372	0.584725	0.549163	0.45771
222	H	0.556907	0.530448	0.48146	0.57513	0.548878	0.440325
223	D	0.557219	0.521174	0.47234	0.584345	0.54872	0.532665
224	R	0.562661	0.526637	0.477945	0.58425	0.548578	0.567055
225	V	0.522544	0.516697	0.46835	0.55404	0.548245	0.513855
226	N	0.554286	0.507438	0.459325	0.59413	0.548055	0.50996
227	D	0.548414	0.501471	0.453435	0.59413	0.548023	0.57266
228	Y	0.543225	0.506769	0.45866	0.583965	0.548055	0.343615
229	N	0.545925	0.498819	0.45163	0.593465	0.5472	0.5434
230	A	0.538441	0.49128	0.444077	0.59356	0.547295	0.506635
231	S	0.535337	0.488279	0.440705	0.593845	0.547707	0.559455
232	L	0.552565	0.505476	0.45828	0.593465	0.547153	0.56924
233	R	0.54245	0.495124	0.448162	0.593465	0.54701	0.49419
234	Q	0.547773	0.489307	0.442035	0.60458	0.54739	0.59242
235	E	0.530725	0.483525	0.43624	0.59375	0.547485	0.520125
236	S	0.542449	0.505714	0.45866	0.583205	0.54701	0.561165
237	R	0.60828	0.572669	0.52611	0.58311	0.546915	0.564585
238	N	0.604248	0.577695	0.532285	0.572945	0.54587	0.533805
239	R	0.60844	0.582067	0.536655	0.572945	0.545965	0.464835
240	L	0.621496	0.595509	0.550335	0.572945	0.54606	0.47158
241	Y	0.628432	0.602438	0.557935	0.57266	0.545585	0.40812
242	R	0.629512	0.603544	0.55898	0.572755	0.54568	0.478705
243	D	0.595747	0.569182	0.52307	0.573325	0.546408	0.58121
244	G	0.58328	0.547088	0.500175	0.58311	0.546915	0.580925
245	G	0.581709	0.545487	0.49856	0.58311	0.546915	0.477755
246	K	0.584567	0.548215	0.501695	0.58292	0.546535	0.458755
247	T	0.572321	0.553195	0.50711	0.565345	0.546155	0.547105
248	R	0.579565	0.560513	0.514425	0.56544	0.54625	0.55613
249	L	0.590828	0.571728	0.526585	0.56487	0.54549	0.45372
250	K	0.616248	0.580862	0.53447	0.58311	0.546915	0.45239
251	D	0.592301	0.55611	0.50958	0.583015	0.54663	0.581115
252	T	0.572343	0.535955	0.48887	0.583205	0.54701	0.453625
253	D	0.559627	0.522872	0.47614	0.583015	0.54663	0.601255
254	N	0.551524	0.504471	0.457235	0.593465	0.5472	0.55784
255	G	0.543915	0.496485	0.45011	0.59299	0.546408	0.5472
256	A	0.565329	0.506571	0.461225	0.60306	0.5453	0.440325
257	E	0.554988	0.517759	0.472815	0.581685	0.544857	0.524685
258	S	0.529727	0.525284	0.48013	0.54948	0.545063	0.56107
259	H	0.537564	0.535244	0.490295	0.5472	0.544888	0.505305
260	L	0.571418	0.543863	0.499605	0.571805	0.544255	0.48469
261	A	0.574289	0.546874	0.50312	0.571235	0.54378	0.441845
262	T	0.550116	0.530205	0.48621	0.56373	0.543922	0.478325
263	E	0.539955	0.512104	0.46778	0.571805	0.544255	0.505305
264	N	0.50428	0.500161	0.45676	0.547485	0.5434	0.534755
265	H	0.527128	0.489232	0.44669	0.579975	0.54264	0.520125
266	S	0.511511	0.4627	0.420565	0.590615	0.54264	0.554135
267	Q	0.505262	0.456214	0.414865	0.590235	0.541975	0.348175
268	E	0.499674	0.451118	0.40831	0.591375	0.54359	0.53998
269	G	0.490455	0.441984	0.399902	0.5909	0.543083	0.55898
270	H	0.502442	0.442868	0.401375	0.60097	0.54245	0.55119
271	G	0.487096	0.438205	0.397433	0.59014	0.541833	0.556605
272	S	0.503305	0.454547	0.412585	0.590615	0.54264	0.513095
273	P	0.519532	0.481258	0.439945	0.579215	0.5415	0.582255
274	E	0.556516	0.528487	0.48659	0.569715	0.541833	0.45638
275	D	0.579455	0.541572	0.50122	0.578265	0.54036	0.527155
276	I	0.617199	0.569089	0.52972	0.588715	0.539695	0.396245
277	D	0.606076	0.568684	0.52896	0.578075	0.540043	0.48127
278	N	0.616115	0.567904	0.528675	0.58862	0.539537	0.617975
279	D	0.625364	0.577261	0.538745	0.588335	0.538983	0.541785
280	R	0.628053	0.580229	0.541405	0.588525	0.539347	0.530955
281	E	0.623355	0.586436	0.54777	0.57741	0.539315	0.591755
282	Y	0.616097	0.588269	0.550905	0.56677	0.538048	0.513475
283	S	0.606109	0.585325	0.54853	0.55879	0.537415	0.46968
284	K	0.603541	0.582626	0.546345	0.558315	0.536845	0.458565
285	S	0.602071	0.581042	0.54511	0.55803	0.536465	0.45391
286	R	0.583932	0.583375	0.54815	0.53637	0.5358	0.51547
287	A	0.578054	0.573386	0.537985	0.54055	0.5358	0.436715
288	C	0.558516	0.551215	0.51661	0.54207	0.534723	0.57114
289	A	0.566586	0.556041	0.52212	0.54473	0.53409	0.388645
290	S	0.559795	0.56374	0.529625	0.530385	0.534375	0.55366
291	L	0.568714	0.572219	0.539505	0.52953	0.533092	0.52478
292	Q	0.57462	0.57878	0.54568	0.52934	0.533583	0.556035
293	Q	0.58173	0.586087	0.55252	0.52972	0.534185	0.38057
294	I	0.583228	0.587673	0.55442	0.52934	0.5339	0.411825
295	N	0.583709	0.589074	0.55632	0.527915	0.533425	0.5187
296	E	0.583636	0.591492	0.558315	0.525825	0.5339	0.35777
297	E	0.597561	0.589402	0.556795	0.54169	0.533283	0.541785
298	A	0.631442	0.58199	0.54967	0.583965	0.532855	0.477755
299	S	0.605494	0.555193	0.52193	0.584345	0.533425	0.48792
300	D	0.587549	0.536575	0.503595	0.58406	0.532997	0.609282
301	D	0.58357	0.532317	0.499985	0.583585	0.532332	0.63536
302	V	0.582734	0.531291	0.49932	0.583395	0.531968	0.47823
303	S	0.559636	0.496393	0.465595	0.593275	0.530813	0.605245
304	D	0.512423	0.471376	0.4427	0.569525	0.528865	0.527155
305	D	0.525269	0.484213	0.455335	0.56962	0.52896	0.47177
306	S	0.547194	0.506161	0.477565	0.569335	0.52858	0.5681
307	M	0.560051	0.518892	0.49172	0.568195	0.527155	0.452295
308	V	0.563829	0.522478	0.496137	0.567625	0.526332	0.56126
309	D	0.577166	0.524201	0.497705	0.579405	0.52649	0.55271
310	S	0.565464	0.524059	0.4978	0.567625	0.526253	0.546725
311	I	0.582157	0.568784	0.545015	0.5377	0.524067	0.44726
312	S	0.582253	0.570938	0.545965	0.536845	0.525303	0.579785
313	S	0.579466	0.571175	0.54663	0.53333	0.524875	0.49609
314	I	0.580023	0.570054	0.54644	0.53409	0.523925	0.418095
315	D	0.619396	0.567279	0.543115	0.577885	0.524448	0.486305
316	V	0.618219	0.566105	0.54207	0.577695	0.524305	0.46189
317	S	0.628671	0.564983	0.542355	0.58824	0.52288	0.594035
318	P	0.640987	0.56536	0.542925	0.600495	0.52269	0.62301
319	D	0.655889	0.566557	0.54511	0.613985	0.521708	0.6004
320	D	0.703915	0.605631	0.584915	0.627855	0.521487	0.60515
321	V	0.707046	0.622758	0.604295	0.612465	0.51946	0.616075
322	V	0.702022	0.630551	0.613225	0.59774	0.518415	0.59755
323	G	0.727907	0.64614	0.62947	0.61161	0.518035	0.56468
324	I	0.755913	0.678687	0.663005	0.611515	0.51775	0.48659
325	L	0.747153	0.681355	0.66557	0.59755	0.51794	0.48906
326	G	0.747915	0.682209	0.666995	0.59698	0.517322	0.743185
327	Q	0.75582	0.691161	0.676685	0.5966	0.516737	0.574085
328	K	0.788972	0.705345	0.692265	0.62434	0.515533	0.59166
329	R	0.799137	0.704965	0.69255	0.638495	0.514742	0.51984
330	F	0.777579	0.703745	0.69141	0.609425	0.514615	0.645715
331	W	0.774911	0.700495	0.688465	0.609045	0.514172	0.665285
332	R	0.769015	0.693471	0.68115	0.60914	0.51433	0.42313
333	A	0.766013	0.68955	0.67792	0.608665	0.513443	0.52098
334	R	0.699889	0.684147	0.672885	0.531335	0.512905	0.633935
335	K	0.667991	0.664863	0.652745	0.51699	0.513475	0.575225
336	A	0.642391	0.639093	0.626715	0.516895	0.513317	0.50806
337	I	0.635842	0.632194	0.61978	0.51718	0.513253	0.434435
338	A	0.58836	0.584732	0.571615	0.51718	0.513443	0.382185
339	N	0.54567	0.541895	0.528295	0.517465	0.513665	0.40679
340	Q	0.524941	0.520766	0.50806	0.516895	0.512715	0.620635
341	Q	0.539543	0.520577	0.508535	0.53105	0.51205	0.60705
342	R	0.624241	0.529301	0.51756	0.60762	0.511765	0.602965
343	V	0.60283	0.521335	0.510625	0.59261	0.51072	0.517655
344	F	0.597341	0.515262	0.5054	0.592135	0.509865	0.626335
345	A	0.57873	0.50947	0.499795	0.57893	0.509675	0.549765
346	V	0.568683	0.49902	0.489915	0.57855	0.509105	0.519175
347	Q	0.588589	0.49075	0.4826	0.60534	0.508155	0.60648
348	L	0.576759	0.493539	0.485355	0.590995	0.508187	0.49875
349	F	0.590034	0.492081	0.484785	0.604675	0.5073	0.621395
350	E	0.60174	0.488596	0.48184	0.61902	0.506762	0.65208
351	L	0.596971	0.483431	0.477185	0.618735	0.506255	0.60762
352	H	0.591377	0.477723	0.4712	0.618925	0.50654	0.63745
353	R	0.573642	0.474529	0.470155	0.602585	0.504387	0.627665
354	L	0.574854	0.475733	0.47139	0.602585	0.504355	0.60021
355	I	0.574787	0.475762	0.47063	0.60325	0.505147	0.51699
356	K	0.568847	0.469881	0.464788	0.60306	0.505115	0.537225
357	V	0.547417	0.462653	0.457995	0.588715	0.504687	0.609282
358	Q	0.535128	0.450301	0.44593	0.588525	0.504418	0.64315
359	K	0.542943	0.443665	0.438995	0.60287	0.504735	0.53827
360	L	0.523556	0.43886	0.434388	0.58862	0.504545	0.59926
361	I	0.519453	0.43484	0.43016	0.58881	0.504767	0.55955
362	A	0.511985	0.427516	0.422655	0.589	0.504973	0.60933
363	A	0.497908	0.413669	0.40945	0.588525	0.504355	0.477755
364	S	0.447716	0.379169	0.37392	0.575795	0.50559	0.620635
365	P	0.4366	0.368229	0.36442	0.57475	0.504102	0.64011
366	D	0.466162	0.396258	0.392778	0.574465	0.503642	0.488537
367	L	0.493549	0.422491	0.420375	0.573325	0.50217	0.542735
368	L	0.487396	0.428558	0.42693	0.56069	0.501663	0.545395
369	L	0.47405	0.43531	0.43453	0.53979	0.500793	0.536655
370	D	0.482901	0.444247	0.442605	0.540455	0.501663	0.551
371	E	0.489528	0.450743	0.449065	0.54055	0.501695	0.45391
372	I	0.492887	0.453841	0.45315	0.53979	0.500697	0.41914
373	S	0.504954	0.456922	0.45524	0.54967	0.501695	0.462175
374	F	0.506293	0.458196	0.45733	0.54891	0.500872	0.532855
375	L	0.480425	0.459778	0.458755	0.52174	0.50103	0.571235
376	G	0.505987	0.446985	0.445122	0.560785	0.501885	0.57969
377	K	0.470377	0.44988	0.447545	0.522975	0.50236	0.57304
378	V	0.474973	0.454856	0.452485	0.522595	0.502392	0.422465
379	S	0.471256	0.453361	0.45049	0.520885	0.502898	0.48868
380	A	0.466875	0.462668	0.46018	0.50673	0.502503	0.41268
381	K	0.506763	0.504768	0.501648	0.505115	0.50312	0.52003
382	S	0.513268	0.511084	0.508725	0.504545	0.50236	0.465785
383	Y	0.568262	0.563595	0.56202	0.50635	0.5016	0.343235
384	P	0.579035	0.561802	0.560975	0.518415	0.50084	0.52345
385	V	0.572516	0.566895	0.565915	0.50673	0.500998	0.340765
386	K	0.576114	0.570133	0.56962	0.506635	0.500523	0.547675
387	K	0.591971	0.572182	0.572755	0.519745	0.499415	0.542545
388	L	0.579885	0.572182	0.572755	0.5073	0.499415	0.435765
389	L	0.593282	0.573542	0.57399	0.51984	0.499542	0.472055
390	P	0.545047	0.537877	0.538175	0.50692	0.4997	0.587765
391	S	0.491889	0.509945	0.510435	0.48146	0.49951	0.430065
392	E	0.494739	0.512131	0.513855	0.48089	0.498275	0.51946
393	F	0.496642	0.512227	0.514425	0.48222	0.4978	0.449065
394	L	0.490362	0.512416	0.514045	0.47633	0.49837	0.369645
395	V	0.513554	0.511039	0.51281	0.500745	0.498228	0.449445
396	K	0.487796	0.509708	0.511955	0.475855	0.497752	0.50236
397	P	0.507285	0.506431	0.508725	0.49856	0.497705	0.487065
398	P	0.50757	0.506526	0.50901	0.49856	0.497515	0.460845
399	L	0.509756	0.508521	0.51148	0.498275	0.49704	0.399475
400	P	0.480039	0.507286	0.5111	0.468967	0.496185	0.47538
401	H	0.480371	0.507856	0.51167	0.46873	0.496185	0.34219
402	V	0.479896	0.507001	0.51148	0.468445	0.49552	0.34713
403	V	0.455783	0.506716	0.511005	0.444885	0.49571	0.33402
404	V	0.469717	0.505576	0.50901	0.46075	0.496565	0.428545
405	K	0.470595	0.50263	0.504925	0.46569	0.497705	0.456095
406	Q	0.450849	0.499052	0.50065	0.450205	0.498402	0.365275
407	R	0.446051	0.494935	0.496185	0.449825	0.49875	0.36176
408	G	0.417965	0.464281	0.46417	0.453245	0.500112	0.378575
409	D	0.425884	0.448522	0.448067	0.47747	0.50046	0.50331
410	S	0.404664	0.427572	0.427215	0.476805	0.500365	0.38304
411	E	0.395511	0.417895	0.418095	0.476615	0.499795	0.43529
412	K	0.413889	0.433475	0.43377	0.479655	0.4997	0.51547
413	T	0.41778	0.440227	0.441085	0.476235	0.49913	0.483455
414	D	0.426223	0.448961	0.44954	0.47633	0.499415	0.39881
415	Q	0.417228	0.454821	0.45581	0.460845	0.499003	0.42199
416	H	0.42791	0.461736	0.462507	0.465025	0.499225	0.445265
417	K	0.423187	0.464258	0.46588	0.456855	0.49837	0.40356
418	M	0.406073	0.458942	0.46075	0.444505	0.49818	0.318155
419	E	0.437156	0.44982	0.45087	0.486115	0.49894	0.558125
420	S	0.426861	0.446783	0.447925	0.47861	0.498845	0.24947
421	S	0.451841	0.444558	0.446215	0.505685	0.498323	0.45543
422	A	0.460318	0.452775	0.455145	0.50521	0.49761	0.416575
423	E	0.45749	0.45252	0.455525	0.50198	0.496969	0.52231
424	N	0.470746	0.456428	0.458565	0.51224	0.497847	0.564585
425	V	0.475311	0.469581	0.472673	0.502645	0.496898	0.374775
426	V	0.474313	0.468395	0.47196	0.50236	0.496422	0.46835
427	G	0.467379	0.462085	0.465975	0.50141	0.49609	0.473385
428	R	0.431882	0.457244	0.460845	0.470725	0.496375	0.35074
429	L	0.43207	0.457481	0.461035	0.470725	0.496422	0.417715
430	S	0.433551	0.453261	0.457045	0.476235	0.496185	0.507015
431	N	0.42167	0.44681	0.450585	0.47063	0.496185	0.38874
432	Q	0.394208	0.440135	0.443555	0.449445	0.496533	0.36746
433	G	0.402466	0.438868	0.442035	0.459515	0.496787	0.42104
434	H	0.400555	0.449745	0.452865	0.44669	0.49685	0.34637
435	H	0.416204	0.451802	0.455145	0.460465	0.496628	0.42655
436	Q	0.422894	0.449121	0.45315	0.4693	0.495932	0.477185
437	Q	0.40656	0.449149	0.452865	0.452865	0.496248	0.38779
438	S	0.448218	0.480088	0.484215	0.463885	0.495868	0.44821
439	N	0.479904	0.504531	0.508915	0.47101	0.495615	0.48583
440	Y	0.490257	0.515872	0.51965	0.47063	0.496217	0.419235
441	M	0.48807	0.513211	0.51775	0.470345	0.495457	0.275975
442	P	0.489593	0.515102	0.51813	0.471485	0.496969	0.48526
443	F	0.480818	0.516835	0.51927	0.461605	0.497562	0.43016
444	A	0.488592	0.516122	0.518225	0.470392	0.497895	0.36917
445	N	0.511846	0.512068	0.51395	0.497895	0.498117	0.357295
446	N	0.447015	0.472848	0.47291	0.473955	0.499938	0.48982
447	P	0.420365	0.450659	0.450015	0.46987	0.50065	0.461035
448	P	0.441269	0.442745	0.44194	0.49932	0.500816	0.463315
449	A	0.436997	0.4384	0.43776	0.499225	0.50065	0.43016
450	S	0.42898	0.431169	0.430112	0.498845	0.501078	0.30685
451	P	0.429302	0.431506	0.429875	0.499415	0.501663	0.47785
452	A	0.429258	0.459871	0.458565	0.470345	0.501315	0.390735
453	P	0.427665	0.45788	0.45714	0.470155	0.500745	0.46151
454	N	0.452183	0.453062	0.451915	0.50027	0.501157	0.47671
455	G	0.419182	0.44757	0.446975	0.471722	0.500602	0.350075
456	Y	0.418669	0.446768	0.446595	0.47158	0.500175	0.42104
457	C	0.420686	0.443451	0.443935	0.47633	0.49951	0.50046
458	F	0.421574	0.449908	0.450205	0.470915	0.4997	0.422845
459	P	0.426025	0.455933	0.455288	0.470345	0.50065	0.426265
460	P	0.459887	0.46187	0.461035	0.498845	0.50084	0.454765
461	Q	0.461692	0.464369	0.46284	0.498845	0.501537	0.4047
462	P	0.440417	0.443276	0.441275	0.49913	0.502028	0.46493
463	P	0.425695	0.428702	0.42636	0.49932	0.502392	0.453055
464	P	0.401635	0.435106	0.432725	0.468065	0.502423	0.45277
465	S	0.410854	0.44446	0.44213	0.468065	0.50236	0.34238
466	G	0.458884	0.493414	0.490675	0.46816	0.50274	0.43643
467	N	0.522592	0.55717	0.554135	0.468302	0.503073	0.4351
468	H	0.544928	0.600686	0.598785	0.44517	0.50198	0.30419
469	Q	0.599105	0.609496	0.608665	0.49001	0.500872	0.284525
470	Q	0.62605	0.617919	0.61883	0.50768	0.499035	0.51718
471	W	0.64768	0.626456	0.62909	0.520125	0.497182	0.654455
472	L	0.697842	0.633467	0.63498	0.57038	0.49837	0.569335
473	I	0.699705	0.635317	0.637925	0.56943	0.497182	0.467495
474	P	0.650521	0.581931	0.58444	0.56962	0.49742	0.58254
475	V	0.634779	0.576941	0.58026	0.556985	0.496597	0.54701
476	M	0.623105	0.575572	0.57874	0.546155	0.496755	0.51794
477	S	0.608326	0.560644	0.562685	0.546915	0.497927	0.555465
478	P	0.605291	0.557199	0.560025	0.54644	0.497135	0.507395
479	S	0.602432	0.554574	0.5567	0.54682	0.497847	0.516515
480	E	0.607321	0.559084	0.56278	0.545775	0.496248	0.49476
481	G	0.602433	0.563066	0.567625	0.5358	0.495362	0.53599
482	L	0.656593	0.619377	0.623295	0.536085	0.495837	0.51737
483	I	0.654692	0.617241	0.621585	0.5358	0.495393	0.35948
484	Y	0.63112	0.612743	0.617405	0.514615	0.495077	0.493905
485	K	0.609114	0.602308	0.606955	0.502265	0.49514	0.486495
486	P	0.602439	0.59535	0.599355	0.503215	0.495837	0.555845
487	H	0.594021	0.586516	0.591375	0.50274	0.494982	0.36081
488	P	0.499589	0.515083	0.521075	0.478515	0.494	0.374205
489	G	0.478882	0.49332	0.498655	0.480225	0.494665	0.53466
490	M	0.475135	0.490804	0.496518	0.47861	0.494285	0.433865
491	A	0.447191	0.491358	0.495995	0.451155	0.495362	0.38095
492	H	0.440693	0.49503	0.499795	0.440895	0.495235	0.273695
493	T	0.464467	0.504911	0.510435	0.4541	0.494475	0.400045
494	G	0.498448	0.514131	0.51927	0.47918	0.494855	0.527345
495	H	0.544427	0.563128	0.567625	0.47652	0.495425	0.25422
496	Y	0.54905	0.567247	0.57285	0.475855	0.494285	0.354635
497	G	0.57632	0.569812	0.575035	0.501315	0.494665	0.499415
498	G	0.582465	0.575611	0.58026	0.502265	0.495235	0.50464
499	Y	0.629969	0.62351	0.627855	0.502265	0.495362	0.31369
500	Y	0.636983	0.630574	0.634885	0.502265	0.495362	0.50027
501	G	0.626264	0.63901	0.642675	0.482315	0.496019	0.54397
502	H	0.632033	0.649191	0.652745	0.47747	0.49609	0.372685
503	Y	0.645294	0.66225	0.66557	0.477565	0.49628	0.385985
504	M	0.653247	0.670438	0.67355	0.47728	0.49647	0.38057
505	P	0.595604	0.614234	0.617215	0.477375	0.49685	0.49704
506	T	0.582718	0.601907	0.604105	0.47785	0.497705	0.427975
507	P	0.580566	0.603575	0.605815	0.47386	0.497657	0.493715
508	M	0.577099	0.600944	0.60287	0.473385	0.49799	0.401945
509	V	0.567606	0.591973	0.59318	0.473765	0.49875	0.35055
510	M	0.557563	0.582264	0.58311	0.473955	0.49913	0.24795
511	P	0.545463	0.572789	0.57285	0.472245	0.499938	0.48279
512	Q	0.504595	0.562404	0.561545	0.442985	0.500872	0.26771
513	Y	0.498627	0.549926	0.54853	0.45011	0.50141	0.35492
514	H	0.517207	0.536378	0.53466	0.482505	0.501727	0.52497
515	P	0.463684	0.515516	0.51281	0.450965	0.502708	0.35644
516	G	0.466427	0.504878	0.501695	0.46474	0.503183	0.431585
517	M	0.48002	0.503722	0.50008	0.47994	0.503642	0.279775
518	G	0.463065	0.486856	0.48222	0.480795	0.50464	0.508345
519	F	0.4607	0.488533	0.4826	0.47804	0.505938	0.36822
520	P	0.472008	0.471503	0.46417	0.50787	0.507363	0.4864
521	P	0.469056	0.468677	0.46094	0.508155	0.507775	0.487635
522	P	0.475345	0.478252	0.468825	0.50654	0.509453	0.404605
523	G	0.516316	0.505481	0.4959	0.52041	0.50958	0.51851
524	N	0.537731	0.522853	0.513	0.52478	0.509865	0.406315
525	G	0.584278	0.567736	0.557745	0.52706	0.51015	0.451915
526	Y	0.643583	0.589497	0.579405	0.567245	0.510387	0.559075
527	F	0.652597	0.598941	0.58938	0.566865	0.509912	0.6023
528	P	0.662518	0.609732	0.59907	0.567815	0.511147	0.55613
529	P	0.673092	0.621057	0.61028	0.568005	0.511385	0.59432
530	Y	0.682646	0.631299	0.620635	0.568005	0.511385	0.51243
531	G	0.65551	0.641105	0.62985	0.527915	0.512145	0.532855
532	M	0.639321	0.637323	0.625195	0.515185	0.513024	0.475285
533	M	0.615074	0.64181	0.62814	0.486115	0.514742	0.299345
534	P	0.622216	0.64926	0.63536	0.485925	0.515122	0.426075
535	T	0.626714	0.65585	0.64163	0.48393	0.515597	0.44289
536	I	0.633485	0.661185	0.646285	0.486115	0.516452	0.38418
537	M	0.631517	0.658746	0.642865	0.48773	0.517465	0.507585
538	N	0.62604	0.653839	0.636405	0.48887	0.519032	0.50806
539	P	0.645512	0.649854	0.630515	0.51623	0.52098	0.494095
540	Y	0.645946	0.641841	0.62187	0.52592	0.521455	0.27474
541	C	0.619404	0.626228	0.605435	0.51471	0.521962	0.31027
542	S	0.565329	0.602538	0.578835	0.48621	0.524495	0.487445
543	S	0.548979	0.589332	0.563255	0.485545	0.52668	0.46284
544	Q	0.537974	0.579767	0.550715	0.48716	0.52953	0.34105
545	Q	0.490699	0.564303	0.53447	0.456285	0.5301	0.243675
546	Q	0.487951	0.557445	0.52649	0.46151	0.531145	0.314925
547	Q	0.478455	0.546953	0.514615	0.463885	0.532427	0.332025
548	Q	0.48156	0.544975	0.51205	0.469537	0.532997	0.37468
549	Q	0.468258	0.546721	0.51338	0.454955	0.533425	0.22325
550	Q	0.427116	0.497233	0.463125	0.4636	0.534122	0.32034
551	P	0.448895	0.503849	0.469965	0.4788	0.533868	0.431585
552	N	0.441737	0.511122	0.47633	0.465215	0.534755	0.33364
553	E	0.45852	0.520183	0.48545	0.473005	0.534692	0.39501
554	Q	0.467889	0.525276	0.489915	0.477945	0.535325	0.422275
555	M	0.457883	0.528297	0.492243	0.465595	0.536022	0.331075
556	N	0.471112	0.526989	0.4902	0.48089	0.53675	0.434435
557	Q	0.468839	0.525571	0.48811	0.4807	0.537415	0.43111
558	F	0.469977	0.523487	0.485355	0.484595	0.53808	0.450965
559	G	0.461219	0.515178	0.476473	0.48469	0.53865	0.449445
560	H	0.457007	0.510848	0.471675	0.48526	0.539125	0.451535
561	P	0.443664	0.504747	0.465548	0.477945	0.539173	0.41116
562	G	0.440855	0.496048	0.456855	0.483835	0.53922	0.44289
563	N	0.422183	0.489997	0.450728	0.47101	0.539347	0.365655
564	L	0.414889	0.489915	0.45011	0.46417	0.539885	0.29108
565	Q	0.403735	0.479824	0.439755	0.463125	0.540265	0.26733
566	N	0.415333	0.468821	0.429163	0.48583	0.540012	0.4522
567	T	0.394937	0.460898	0.42085	0.473195	0.54055	0.378195
568	Q	0.379047	0.4545	0.41458	0.462935	0.54055	0.25631
569	Q	0.370079	0.441446	0.401185	0.46721	0.541215	0.32414
570	Q	0.366852	0.427739	0.387315	0.47823	0.541785	0.40527
571	Q	0.346728	0.415924	0.375345	0.469015	0.542355	0.336965
572	Q	0.354245	0.41335	0.372907	0.479845	0.542307	0.412205
573	R	0.354059	0.425822	0.38437	0.467495	0.542925	0.31787
574	S	0.364152	0.421372	0.379525	0.48355	0.543495	0.42902
575	D	0.360021	0.426955	0.38456	0.473765	0.543875	0.37164
576	N	0.392764	0.443303	0.400235	0.492195	0.544065	0.47006
577	E	0.381983	0.457125	0.413155	0.467495	0.544635	0.307895
578	P	0.405991	0.465368	0.42066	0.48488	0.545205	0.431015
579	A	0.406741	0.482031	0.43681	0.469205	0.545427	0.324615
580	P	0.407453	0.480261	0.43491	0.471865	0.545585	0.35131
581	Q	0.41487	0.49287	0.44688	0.4674	0.54606	0.296685
582	Q	0.41968	0.49858	0.452248	0.466925	0.546345	0.2869
583	Q	0.422378	0.498676	0.452248	0.46968	0.54644	0.325375
584	Q	0.425327	0.50326	0.455525	0.469395	0.547707	0.313975
585	Q	0.436014	0.515935	0.46759	0.46816	0.548245	0.291935
586	P	0.47064	0.534743	0.48564	0.484975	0.549005	0.42009
587	T	0.476213	0.552288	0.502645	0.473575	0.54967	0.35055
588	K	0.497874	0.57502	0.525255	0.472625	0.550145	0.339815
589	S	0.494445	0.573628	0.523165	0.471295	0.55081	0.322715
590	Y	0.525403	0.605089	0.55461	0.47063	0.551665	0.308465
591	P	0.548029	0.606925	0.55575	0.492195	0.552425	0.446025
592	R	0.531184	0.605455	0.553375	0.47766	0.55328	0.366605
593	A	0.529408	0.608727	0.55613	0.4731	0.553913	0.328415
594	R	0.547733	0.615253	0.56183	0.485735	0.55499	0.406505
595	K	0.577493	0.623314	0.568955	0.508725	0.556273	0.45239
596	S	0.59645	0.61132	0.555655	0.54169	0.55708	0.482125
597	R	0.613331	0.614669	0.55841	0.556415	0.557808	0.3838
598	Q	0.630261	0.607392	0.549575	0.582825	0.559075	0.55727
599	G	0.603824	0.580499	0.521455	0.58311	0.559455	0.52535
600	S	0.598431	0.566553	0.50673	0.591945	0.55993	0.547675
601	T	0.603935	0.561857	0.50141	0.602585	0.560468	0.532665
602	G	0.582184	0.550308	0.489345	0.592515	0.560833	0.453625
603	S	0.551026	0.518929	0.457615	0.59261	0.561118	0.587955
604	S	0.546811	0.514722	0.453198	0.5928	0.561355	0.53713
605	P	0.511223	0.51132	0.44973	0.561355	0.56145	0.54055
606	S	0.495553	0.508154	0.44612	0.54948	0.561925	0.48868
607	G	0.458936	0.50238	0.440325	0.518795	0.56202	0.3762
608	P	0.46745	0.510939	0.448875	0.5187	0.561925	0.30457
609	Q	0.4874	0.531091	0.46835	0.51908	0.562495	0.391685
610	G	0.485153	0.555331	0.492575	0.492575	0.562653	0.417145
611	I	0.499304	0.585451	0.522975	0.47633	0.56297	0.314925
612	S	0.5151	0.592193	0.52934	0.485735	0.56354	0.38076
613	G	0.549178	0.598077	0.53542	0.513855	0.56354	0.49913
614	S	0.531507	0.608785	0.54701	0.484405	0.563065	0.374965
615	K	0.573536	0.65474	0.5947	0.47823	0.563778	0.329935
616	S	0.581548	0.660207	0.6004	0.48051	0.56392	0.34789
617	F	0.589336	0.666775	0.60762	0.480985	0.56373	0.3515
618	R	0.588283	0.667837	0.60876	0.478705	0.56373	0.3344
619	P	0.616554	0.670549	0.611705	0.505115	0.563698	0.47253
620	F	0.60678	0.678153	0.619685	0.4864	0.56392	0.38342
621	A	0.573643	0.641008	0.579595	0.493905	0.5643	0.41914
622	A	0.567767	0.637413	0.57532	0.49229	0.564775	0.409925
623	V	0.556809	0.63826	0.57494	0.481555	0.566058	0.34713
624	D	0.53498	0.607711	0.54321	0.49172	0.565725	0.404605
625	E	0.521675	0.600853	0.536085	0.485545	0.565725	0.372495
626	D	0.490742	0.580687	0.5149	0.475855	0.566105	0.28804
627	S	0.500445	0.571235	0.504165	0.49628	0.56715	0.421515
628	N	0.471006	0.563779	0.49628	0.474715	0.567435	0.24795
629	I	0.467602	0.559676	0.49134	0.476235	0.568195	0.272935
630	N	0.451147	0.535346	0.466735	0.48431	0.56829	0.357105
631	N	0.440338	0.514481	0.446073	0.49419	0.568195	0.408785
632	A	0.429231	0.510776	0.442985	0.48602	0.567625	0.369075
633	P	0.437794	0.488273	0.42123	0.516895	0.567292	0.500935
634	E	0.405253	0.48129	0.41363	0.49134	0.5681	0.39558
635	Q	0.366743	0.450967	0.384228	0.481365	0.56829	0.336015
636	T	0.358104	0.4471	0.379715	0.476805	0.569145	0.27683
637	M	0.355949	0.44319	0.37563	0.4788	0.569525	0.30495
638	T	0.346799	0.430528	0.362472	0.482885	0.57076	0.337535
639	T	0.325707	0.41148	0.344438	0.47899	0.57095	0.297445
640	T	0.314666	0.402202	0.334685	0.477185	0.572185	0.24814
641	T	0.30961	0.395846	0.329294	0.477375	0.571647	0.25783
642	T	0.308784	0.392741	0.324924	0.481365	0.573325	0.31046
643	T	0.302863	0.389111	0.320657	0.479275	0.57437	0.26942
644	T	0.299025	0.387041	0.318677	0.476995	0.574465	0.23408
645	R	0.301793	0.389304	0.319057	0.479845	0.576365	0.25631
646	T	0.309587	0.392733	0.321005	0.48678	0.577695	0.336395
647	T	0.308383	0.39819	0.323095	0.48298	0.580925	0.27322
648	V	0.314243	0.403955	0.327592	0.48469	0.58178	0.29184
649	T	0.319529	0.409485	0.330885	0.487065	0.583727	0.307468
650	Q	0.332128	0.41329	0.33459	0.49723	0.58349	0.37696
651	T	0.330488	0.422569	0.34067	0.488585	0.58615	0.308845
652	T	0.347514	0.435092	0.35055	0.49666	0.587955	0.35929
653	R	0.373848	0.450651	0.36404	0.51053	0.589	0.423605
654	D	0.378986	0.459442	0.370452	0.509105	0.5909	0.411255
655	G	0.37352	0.468098	0.376295	0.49704	0.593275	0.340575
656	G	0.401294	0.493145	0.39748	0.503975	0.595935	0.37221
657	G	0.448669	0.546106	0.44859	0.50008	0.5966	0.34751
658	V	0.546894	0.597507	0.500745	0.546155	0.59679	0.39064
659	T	0.587444	0.607414	0.51148	0.57627	0.59641	0.50768
660	R	0.643999	0.648769	0.55613	0.590805	0.59584	0.561925
661	V	0.693623	0.658294	0.566295	0.63422	0.59603	0.539885
662	I	0.701323	0.666711	0.575035	0.63441	0.596505	0.60496
663	K	0.727242	0.674396	0.5814	0.657495	0.598595	0.54796
664	V	0.733607	0.681835	0.588905	0.657812	0.599355	0.55081
665	V	0.738203	0.68753	0.59394	0.658445	0.600685	0.565725
666	P	0.696166	0.652803	0.554705	0.647805	0.601492	0.720195
667	H	0.701345	0.659068	0.559645	0.64885	0.603345	0.605435
668	N	0.682892	0.64029	0.53675	0.65018	0.60572	0.56924
669	A	0.69241	0.639653	0.53542	0.66139	0.606337	0.498085
670	K	0.683076	0.651225	0.546345	0.641535	0.607905	0.494
671	L	0.688607	0.666474	0.561925	0.63289	0.609045	0.44365
672	A	0.650363	0.659884	0.553565	0.60002	0.61009	0.60401
673	S	0.64934	0.658456	0.54853	0.60382	0.613415	0.532285
674	E	0.684093	0.692311	0.58634	0.60439	0.61351	0.59432
675	N	0.737741	0.691552	0.585865	0.66538	0.61313	0.40394
676	A	0.761546	0.717286	0.617595	0.664145	0.61104	0.61294
677	A	0.787111	0.722595	0.62548	0.688845	0.60933	0.580545
678	R	0.798131	0.736429	0.639825	0.689985	0.611325	0.63517
679	I	0.790248	0.739292	0.64277	0.67678	0.6118	0.623675
680	F	0.8008	0.739348	0.64467	0.689035	0.6099	0.697775
681	Q	0.79895	0.738586	0.639255	0.6916	0.614555	0.551
682	S	0.79549	0.73505	0.63327	0.69255	0.61636	0.58976
683	I	0.795846	0.735755	0.633365	0.69293	0.61712	0.689035
684	Q	0.786663	0.737159	0.633175	0.68115	0.61902	0.63194
685	E	0.789562	0.742234	0.63517	0.68305	0.6232	0.560975
686	E	0.789558	0.742841	0.63384	0.684285	0.62529	0.612845
687	R	0.770624	0.743294	0.63137	0.66234	0.62833	0.63593
688	K	0.769008	0.742203	0.627855	0.66367	0.630515	0.55575
689	R	0.775182	0.738847	0.62472	0.674405	0.629565	0.502645
690	Y	0.77082	0.744146	0.629945	0.663955	0.6308	0.549385
691	D	0.765551	0.738701	0.62282	0.664145	0.631275	0.64011
692	S	0.700323	0.713649	0.593275	0.615695	0.6308	0.605625
693	S	0.659528	0.674281	0.54663	0.61636	0.63194	0.545015
694	K	0.642207	0.654112	0.53466	0.60971	0.62206	0.236265
695	P	0.49978	0.61364	0.49552	0.50426	0.61788	0.244055
