 POS	AMINO ACID	IUPRED SCORE	ANCHOR SCORE
1	M	0.9534	0.2846
2	K	0.9348	0.2446
3	R	0.8920	0.2322
4	N	0.8521	0.2417
5	G	0.8158	0.2445
6	E	0.7724	0.2405
7	T	0.7275	0.2417
8	K	0.6870	0.2348
9	R	0.6650	0.2290
10	R	0.6374	0.2325
11	R	0.5900	0.2380
12	N	0.5992	0.2496
13	V	0.6412	0.2805
14	A	0.6442	0.3021
15	E	0.6334	0.3156
16	E	0.5473	0.3502
17	A	0.5514	0.3969
18	E	0.5473	0.4198
19	Q	0.5043	0.4686
20	G	0.5331	0.5195
21	E	0.5374	0.5624
22	D	0.5583	0.6100
23	P	0.4967	0.6698
24	A	0.5229	0.7152
25	M	0.5412	0.7490
26	W	0.5043	0.7678
27	E	0.5229	0.7651
28	N	0.5412	0.7659
29	L	0.5043	0.7785
30	D	0.4420	0.7778
31	R	0.4458	0.7771
32	N	0.4513	0.7749
33	F	0.4600	0.7694
34	R	0.4245	0.7354
35	Q	0.4420	0.7076
36	V	0.3885	0.6955
37	Q	0.3992	0.6913
38	S	0.4116	0.6963
39	V	0.4149	0.6922
40	L	0.4116	0.6794
41	D	0.4116	0.6563
42	R	0.4282	0.6341
43	N	0.4282	0.6093
44	R	0.5008	0.5902
45	S	0.5173	0.5872
46	L	0.5084	0.5797
47	I	0.5514	0.5580
48	Q	0.5126	0.5372
49	Q	0.4749	0.5216
50	V	0.5253	0.5100
51	N	0.5802	0.4962
52	D	0.5412	0.4965
53	N	0.5514	0.4954
54	H	0.5473	0.4970
55	Q	0.5549	0.4904
56	S	0.5008	0.4862
57	R	0.5331	0.4854
58	M	0.5412	0.4962
59	A	0.4556	0.5054
60	D	0.4556	0.5111
61	N	0.5229	0.5168
62	M	0.4458	0.5303
63	S	0.4420	0.5351
64	K	0.4333	0.5405
65	N	0.4282	0.5434
66	V	0.3535	0.5536
67	A	0.3491	0.5604
68	L	0.3535	0.5637
69	I	0.3359	0.5580
70	Q	0.3225	0.5523
71	E	0.3146	0.5473
72	L	0.2786	0.5506
73	N	0.2292	0.5478
74	G	0.2255	0.5529
75	N	0.2255	0.5606
76	I	0.1667	0.5769
77	S	0.2122	0.5833
78	K	0.2292	0.5894
79	V	0.2913	0.5981
80	V	0.2913	0.6155
81	N	0.2786	0.6291
82	M	0.2700	0.6421
83	Y	0.3311	0.6387
84	S	0.2558	0.6386
85	D	0.2657	0.6418
86	L	0.2558	0.6415
87	N	0.3146	0.6285
88	T	0.3146	0.6214
89	S	0.3053	0.6149
90	F	0.3399	0.6066
91	S	0.3939	0.5887
92	S	0.3939	0.5712
93	G	0.4116	0.5501
94	F	0.4825	0.5370
95	H	0.4781	0.5097
96	G	0.4458	0.4726
97	G	0.4879	0.4402
98	K	0.4781	0.4149
99	N	0.4781	0.3862
100	G	0.4918	0.3627
101	H	0.5412	0.3456
102	D	0.5802	0.3277
103	G	0.6219	0.3102
104	G	0.6650	0.2966
105	G	0.7605	0.2853
106	A	0.7912	0.2880
107	A	0.8350	0.2879
108	G	0.8677	0.2872
109	T	0.8984	0.2881
110	R	0.9235	0.2945
111	A	0.9491	0.2942