#
# MoRFchibi SYSTEM <Release 1.0 Dec. 15 2015>
#
# The University of British Columbia
# Michael Smith Laboratories - Center for High-Throughput Biology 
#
# Column	Data type
#   1   	residue index
#   2   	residue
#   3   	MCW
#   4   	MCL
#   5   	MC
#   6   	MDC
#   7   	IDP
#   8   	ICS
#
# >sp|O04211|ELF4_ARATH Protein EARLY FLOWERING 4 OS=Arabidopsis thaliana OX=3702 GN=ELF4 PE=1 SV=1
1	M	0.696166	0.631105	0.48925	0.705185	0.64106	0.26695
2	K	0.676291	0.623522	0.44954	0.71896	0.66975	0.70813
3	R	0.666214	0.618392	0.43339	0.72295	0.679345	0.72694
4	N	0.658169	0.612865	0.421562	0.72542	0.68476	0.604295
5	G	0.642101	0.613707	0.410447	0.720433	0.695305	0.58824
6	E	0.659799	0.639134	0.42275	0.725895	0.707465	0.53599
7	T	0.656401	0.653203	0.423937	0.721905	0.719055	0.54815
8	K	0.670977	0.681475	0.44403	0.71858	0.728175	0.57114
9	R	0.681549	0.694722	0.45353	0.720575	0.732767	0.643435
10	R	0.704746	0.710597	0.46987	0.72922	0.734768	0.62852
11	R	0.724366	0.730973	0.49172	0.73093	0.737437	0.532095
12	N	0.745156	0.752075	0.513665	0.734635	0.741741	0.5681
13	V	0.749002	0.765663	0.529815	0.725895	0.743565	0.38608
14	A	0.750187	0.774621	0.538175	0.720433	0.746795	0.5453
15	E	0.754106	0.77895	0.54283	0.720892	0.74797	0.600875
16	E	0.732034	0.763862	0.52155	0.71478	0.747952	0.59413
17	A	0.729589	0.756125	0.51091	0.720892	0.747987	0.484025
18	E	0.686915	0.716771	0.458755	0.721335	0.749107	0.57304
19	Q	0.693877	0.723502	0.466735	0.72143	0.749351	0.475475
20	G	0.700779	0.729865	0.475	0.721335	0.749138	0.577125
21	E	0.709552	0.73839	0.485355	0.721478	0.74955	0.44156
22	D	0.690702	0.749273	0.50217	0.688845	0.747639	0.652365
23	P	0.716994	0.770552	0.53466	0.68799	0.745085	0.56468
24	A	0.742781	0.792866	0.568005	0.687135	0.744325	0.492385
25	M	0.767127	0.813002	0.601255	0.685995	0.742488	0.41876
26	W	0.773079	0.818426	0.610755	0.684665	0.741779	0.629565
27	E	0.768946	0.816216	0.60591	0.684	0.742837	0.487635
28	N	0.764285	0.81144	0.59983	0.683858	0.741665	0.439565
29	L	0.776543	0.806409	0.595935	0.70205	0.738519	0.57817
30	D	0.771589	0.801878	0.589095	0.70205	0.738435	0.457235
31	R	0.748118	0.795887	0.581115	0.681625	0.73758	0.532665
32	N	0.773192	0.791436	0.574845	0.716015	0.737295	0.487635
33	F	0.775107	0.78739	0.56981	0.72238	0.736565	0.658065
34	R	0.785312	0.781014	0.560025	0.741855	0.736978	0.44802
35	Q	0.770127	0.775352	0.55366	0.72979	0.735617	0.61807
36	V	0.777568	0.772427	0.55005	0.740905	0.735205	0.6384
37	Q	0.773181	0.768098	0.543685	0.741	0.735443	0.661137
38	S	0.77966	0.764793	0.538745	0.75183	0.735721	0.50882
39	V	0.767786	0.762361	0.536845	0.74043	0.734587	0.56544
40	L	0.775344	0.759544	0.533805	0.75088	0.73395	0.661295
41	D	0.773433	0.757544	0.530575	0.75126	0.73435	0.64923
42	R	0.781099	0.753689	0.526585	0.762356	0.7334	0.573325
43	N	0.788608	0.752344	0.52573	0.770925	0.732656	0.743185
44	R	0.787972	0.750416	0.52535	0.770521	0.73093	0.64961
45	S	0.789817	0.753084	0.52801	0.770593	0.731642	0.378195
46	L	0.79281	0.755232	0.53276	0.770426	0.73017	0.652555
47	I	0.773648	0.755679	0.53504	0.748125	0.72884	0.72694
48	Q	0.773218	0.755859	0.533425	0.748885	0.730313	0.562305
49	Q	0.752529	0.744735	0.51832	0.738625	0.73055	0.590615
50	V	0.7341	0.726041	0.494665	0.738245	0.730265	0.59261
51	N	0.728834	0.720594	0.48735	0.73872	0.730669	0.64961
52	D	0.727582	0.719766	0.484785	0.73948	0.73188	0.50616
53	N	0.727959	0.720052	0.48526	0.73948	0.731785	0.663385
54	H	0.727369	0.718956	0.486115	0.738245	0.730043	0.65531
55	Q	0.714575	0.717212	0.484405	0.72713	0.729695	0.53713
56	S	0.724171	0.715915	0.481365	0.738815	0.730835	0.609235
57	R	0.712179	0.715865	0.48108	0.727447	0.731011	0.60192
58	M	0.672467	0.68449	0.44384	0.7201	0.731073	0.36632
59	A	0.666759	0.679459	0.43719	0.720338	0.731817	0.583585
60	D	0.690004	0.710965	0.472245	0.71326	0.733257	0.55062
61	N	0.683647	0.712108	0.473955	0.705755	0.733004	0.598595
62	M	0.694871	0.71562	0.477945	0.71326	0.733238	0.50749
63	S	0.72284	0.742469	0.51148	0.713545	0.73359	0.476615
64	K	0.737329	0.762833	0.539125	0.70585	0.733305	0.531905
65	N	0.74563	0.764179	0.540835	0.713355	0.733416	0.645335
66	V	0.754857	0.76619	0.543875	0.72086	0.73321	0.590615
67	A	0.759398	0.770685	0.549955	0.720892	0.733352	0.47101
68	L	0.771028	0.775656	0.5567	0.728365	0.733558	0.63384
69	I	0.771435	0.776016	0.55727	0.728365	0.733511	0.61864
70	Q	0.76924	0.773988	0.55385	0.72865	0.733945	0.50939
71	E	0.777871	0.772548	0.551095	0.74043	0.734516	0.652365
72	L	0.787929	0.773061	0.551475	0.751355	0.734787	0.63213
73	N	0.788799	0.774311	0.55138	0.7524	0.73625	0.64068
74	G	0.787217	0.772836	0.54891	0.752495	0.736553	0.581685
75	N	0.785865	0.771156	0.547295	0.75221	0.735965	0.66424
76	I	0.788117	0.773581	0.55062	0.75221	0.736036	0.6517
77	S	0.78063	0.776144	0.55347	0.741665	0.736651	0.556795
78	K	0.786814	0.782407	0.56259	0.74157	0.736541	0.57893
79	V	0.740515	0.787766	0.570285	0.682575	0.736624	0.64581
80	V	0.742745	0.789756	0.573135	0.682575	0.736683	0.576365
81	N	0.742754	0.789878	0.57304	0.68267	0.736901	0.39672
82	M	0.743654	0.790691	0.574085	0.682765	0.737024	0.4484
83	Y	0.744101	0.791277	0.5738	0.683525	0.737936	0.66196
84	S	0.740822	0.788832	0.568955	0.684095	0.73891	0.52003
85	D	0.736512	0.785242	0.563255	0.684285	0.739254	0.603345
86	L	0.776898	0.782605	0.55974	0.732545	0.739005	0.63346
87	N	0.770499	0.776323	0.550715	0.732545	0.739005	0.535325
88	T	0.766867	0.772754	0.545775	0.73245	0.73891	0.43833
89	S	0.777927	0.79127	0.57228	0.723615	0.739127	0.56259
90	F	0.776862	0.820581	0.617975	0.682765	0.73872	0.66025
91	S	0.773477	0.81816	0.613795	0.682385	0.738973	0.54416
92	S	0.794023	0.817152	0.61275	0.708985	0.738519	0.45999
93	G	0.79065	0.819229	0.615695	0.702145	0.738815	0.367745
94	F	0.784142	0.821331	0.61883	0.691125	0.739005	0.483455
95	H	0.777247	0.818149	0.613605	0.68723	0.739114	0.51338
96	G	0.746942	0.801132	0.587005	0.674975	0.739195	0.46246
97	G	0.744488	0.786622	0.56563	0.691125	0.738973	0.48659
98	K	0.734301	0.777017	0.554135	0.689795	0.737105	0.497895
99	N	0.711306	0.756253	0.526395	0.68913	0.73625	0.44688
100	G	0.716022	0.755366	0.527155	0.693405	0.734722	0.57855
101	H	0.728663	0.754729	0.528105	0.70585	0.733305	0.475285
102	D	0.718196	0.74399	0.516135	0.704947	0.7315	0.5092
103	G	0.689324	0.714293	0.484975	0.70205	0.726402	0.537415
104	G	0.71652	0.744519	0.530765	0.69084	0.720385	0.61313
105	G	0.721074	0.736676	0.537035	0.69027	0.706895	0.56392
106	A	0.723518	0.725022	0.542925	0.6878	0.689415	0.54226
107	A	0.721658	0.720114	0.54587	0.68324	0.681577	0.494
108	G	0.731738	0.718147	0.55309	0.687895	0.673075	0.567055
109	T	0.730523	0.708728	0.565915	0.67526	0.65113	0.549195
110	R	0.725945	0.690988	0.580735	0.65664	0.6175	0.611325
111	A	0.659904	0.693861	0.602205	0.561735	0.599545	0.629755
