#
# MoRFchibi SYSTEM <Release 1.0 Dec. 15 2015>
#
# The University of British Columbia
# Michael Smith Laboratories - Center for High-Throughput Biology 
#
# Column	Data type
#   1   	residue index
#   2   	residue
#   3   	MCW
#   4   	MCL
#   5   	MC
#   6   	MDC
#   7   	IDP
#   8   	ICS
#
# >sp|Q9SNB4|PCL1_ARATH Transcription factor LUX OS=Arabidopsis thaliana OX=3702 GN=LUX PE=1 SV=1
1	M	0.809798	0.748585	0.62719	0.716775	0.63897	0.734635
2	G	0.811842	0.753982	0.627855	0.718897	0.644955	0.741475
3	E	0.820153	0.764319	0.6403	0.719245	0.64562	0.664715
4	E	0.817541	0.757107	0.640775	0.715255	0.636025	0.657875
5	V	0.8094	0.760572	0.63916	0.70566	0.64201	0.594605
6	Q	0.797265	0.75773	0.63384	0.694355	0.64372	0.531145
7	M	0.780737	0.750036	0.62358	0.68248	0.64429	0.59964
8	S	0.778906	0.752119	0.61389	0.689035	0.656165	0.53827
9	D	0.765326	0.745971	0.609615	0.67621	0.65284	0.600067
10	Y	0.763394	0.745523	0.60363	0.679345	0.65797	0.636215
11	D	0.739523	0.718256	0.577125	0.675355	0.65132	0.57836
12	V	0.73623	0.716659	0.56924	0.67868	0.65683	0.400425
13	S	0.728197	0.705869	0.563445	0.67488	0.650275	0.47595
14	G	0.719054	0.705648	0.562875	0.665285	0.65056	0.56981
15	D	0.725457	0.712483	0.57019	0.66576	0.65132	0.61085
16	G	0.739112	0.725257	0.589855	0.66329	0.64733	0.55214
17	D	0.767192	0.753289	0.627855	0.66139	0.6441	0.593655
18	R	0.770229	0.754601	0.634885	0.658445	0.63878	0.568005
19	V	0.781884	0.759292	0.638875	0.66956	0.64068	0.577695
20	S	0.785486	0.762234	0.645335	0.66804	0.637925	0.4636
21	E	0.792376	0.769931	0.65436	0.66842	0.638685	0.55157
22	W	0.795884	0.773226	0.65987	0.667755	0.637355	0.66937
23	E	0.799851	0.769252	0.65284	0.68001	0.63935	0.628615
24	M	0.803279	0.752017	0.63156	0.70433	0.638875	0.41382
25	G	0.795567	0.741536	0.62244	0.70243	0.635075	0.576365
26	L	0.773798	0.739862	0.61826	0.67868	0.637165	0.623675
27	P	0.75319	0.72711	0.603535	0.667185	0.636405	0.654217
28	S	0.748015	0.721049	0.59793	0.666235	0.63479	0.534755
29	D	0.752582	0.714883	0.59375	0.67545	0.63175	0.486305
30	E	0.730236	0.709629	0.588145	0.654645	0.63118	0.58482
31	D	0.737175	0.723352	0.607715	0.644195	0.62795	0.563255
32	L	0.749257	0.726724	0.617215	0.649515	0.622535	0.642532
33	A	0.746854	0.715718	0.6042	0.659015	0.622535	0.459705
34	S	0.737436	0.703581	0.59451	0.65702	0.618165	0.51946
35	L	0.762835	0.738946	0.637925	0.646095	0.61636	0.597645
36	S	0.758641	0.733495	0.633935	0.644765	0.613795	0.61902
37	Y	0.765537	0.731598	0.633175	0.65417	0.612275	0.420945
38	S	0.76886	0.725181	0.62776	0.663575	0.61009	0.545775
39	L	0.767403	0.723484	0.626145	0.66329	0.60971	0.61199
40	I	0.715199	0.721871	0.625195	0.600875	0.60876	0.586625
41	P	0.744149	0.696731	0.597835	0.66177	0.607145	0.5643
42	P	0.722726	0.660667	0.55689	0.67469	0.607715	0.6403
43	N	0.7092	0.657855	0.555275	0.66139	0.60629	0.446785
44	L	0.707872	0.656133	0.55442	0.660725	0.605292	0.63175
45	A	0.718976	0.654763	0.555275	0.67203	0.603013	0.620825
46	M	0.69641	0.653865	0.553755	0.648945	0.603535	0.461035
47	A	0.703529	0.650355	0.550715	0.659395	0.602775	0.606765
48	F	0.691646	0.648947	0.548102	0.64904	0.60382	0.640775
49	S	0.684117	0.641419	0.538365	0.64999	0.60534	0.51338
50	I	0.677963	0.634841	0.531525	0.6498	0.605103	0.6137
51	T	0.662256	0.628493	0.524875	0.639635	0.60496	0.419235
52	P	0.612381	0.621648	0.51699	0.596125	0.60553	0.60021
53	E	0.601206	0.611701	0.50578	0.59565	0.606195	0.479275
54	R	0.583031	0.599347	0.494143	0.588715	0.60496	0.47481
55	S	0.570077	0.58654	0.480985	0.58862	0.604865	0.43187
56	R	0.541758	0.575711	0.469395	0.571995	0.60534	0.485165
57	T	0.494145	0.568061	0.461225	0.53295	0.60572	0.45752
58	I	0.485442	0.559374	0.45315	0.53238	0.605055	0.29792
59	Q	0.473448	0.547619	0.440705	0.53295	0.60572	0.32148
60	D	0.453946	0.536208	0.429115	0.52516	0.606005	0.43966
61	V	0.425601	0.529442	0.422275	0.503405	0.606195	0.32832
62	N	0.434755	0.520003	0.41249	0.522785	0.606765	0.426835
63	R	0.444473	0.51106	0.40432	0.541025	0.60629	0.492195
64	A	0.427644	0.508921	0.402547	0.525825	0.606005	0.442795
65	S	0.415935	0.500763	0.396055	0.5206	0.604675	0.423225
66	E	0.412703	0.496386	0.391875	0.521645	0.604675	0.42826
67	T	0.407595	0.502749	0.3971	0.51091	0.60553	0.37506
68	T	0.444183	0.516754	0.410495	0.534375	0.605625	0.446025
69	L	0.488088	0.520249	0.41572	0.57266	0.60382	0.48944
70	S	0.502956	0.518431	0.414627	0.58824	0.603155	0.48393
71	S	0.521157	0.517489	0.41477	0.605625	0.60211	0.45714
72	L	0.518921	0.520404	0.418475	0.59983	0.601255	0.504735
73	R	0.511583	0.51277	0.41211	0.59907	0.60021	0.56259
74	G	0.490895	0.491784	0.392968	0.59831	0.599165	0.475665
75	G	0.454453	0.470867	0.373445	0.58292	0.59888	0.454765
76	S	0.453648	0.468974	0.372685	0.58292	0.597835	0.459135
77	S	0.44932	0.468202	0.37316	0.57817	0.5966	0.407455
78	G	0.436591	0.468359	0.375155	0.563445	0.5947	0.430255
79	P	0.420887	0.473714	0.38095	0.5415	0.59394	0.52421
80	N	0.409924	0.476404	0.384987	0.526015	0.59242	0.45429
81	T	0.437278	0.504092	0.4123	0.52554	0.59166	0.406315
82	S	0.423329	0.500999	0.412158	0.51148	0.58881	0.42883
83	S	0.411934	0.496929	0.409925	0.502075	0.5871	0.390165
84	S	0.414174	0.491482	0.406648	0.507775	0.585105	0.422655
85	N	0.424092	0.500751	0.417715	0.50654	0.583015	0.423415
86	N	0.43	0.50304	0.421467	0.508725	0.581495	0.43795
87	N	0.431143	0.50357	0.42446	0.506825	0.579025	0.436715
88	V	0.442882	0.507148	0.431395	0.51167	0.575605	0.40983
89	E	0.477339	0.504142	0.429685	0.54796	0.57437	0.464265
90	E	0.477163	0.503071	0.43111	0.546345	0.5719	0.48279
91	E	0.479104	0.504713	0.433865	0.54549	0.57076	0.4598
92	D	0.482105	0.507218	0.438235	0.544065	0.56886	0.481365
93	R	0.454855	0.514625	0.446215	0.508725	0.568195	0.437
94	V	0.458291	0.517784	0.45011	0.50825	0.567435	0.379905
95	G	0.45182	0.510962	0.44441	0.50749	0.56639	0.433675
96	S	0.434534	0.507543	0.44194	0.49248	0.565488	0.40869
97	S	0.427345	0.51004	0.445122	0.481935	0.564775	0.354825
98	S	0.44141	0.51426	0.450063	0.491245	0.564015	0.40755
99	P	0.475404	0.524051	0.46094	0.51452	0.562875	0.50293
100	G	0.482021	0.55162	0.489915	0.4921	0.561577	0.41819
101	S	0.507856	0.571693	0.511005	0.49685	0.56088	0.443175
102	D	0.555063	0.612786	0.554515	0.500555	0.55974	0.46569
103	S	0.592622	0.655916	0.600685	0.491625	0.558932	0.423985
104	K	0.603552	0.662668	0.608285	0.495045	0.558505	0.44175
105	K	0.607035	0.665907	0.612655	0.494095	0.557555	0.439565
106	Q	0.601938	0.666223	0.61427	0.487065	0.556225	0.409545
107	K	0.604854	0.665841	0.614365	0.49001	0.555702	0.42579
108	T	0.595122	0.662343	0.61142	0.48298	0.554895	0.393015
109	S	0.594375	0.655699	0.605245	0.48868	0.553993	0.42427
110	N	0.568795	0.622651	0.571045	0.497705	0.55347	0.447925
111	G	0.538695	0.559541	0.50711	0.53162	0.55252	0.468445
112	D	0.549132	0.556999	0.50559	0.54359	0.551475	0.469965
113	G	0.551102	0.558739	0.508345	0.54283	0.550493	0.468825
114	D	0.575382	0.566859	0.51718	0.558505	0.549908	0.452675
115	D	0.586593	0.578038	0.529245	0.557935	0.549242	0.466545
116	G	0.560296	0.567488	0.51889	0.541595	0.548847	0.43434
117	G	0.536795	0.556499	0.508345	0.528485	0.548245	0.456095
118	G	0.550477	0.569638	0.52269	0.527915	0.547247	0.461985
119	V	0.565433	0.584393	0.537605	0.528105	0.54739	0.3686
120	D	0.575722	0.581928	0.536275	0.539885	0.546202	0.41496
121	P	0.573318	0.591392	0.54625	0.52744	0.545918	0.473955
122	D	0.549065	0.599856	0.555845	0.493145	0.545015	0.46626
123	S	0.557636	0.60692	0.564015	0.493525	0.544113	0.47386
124	A	0.564237	0.613923	0.571805	0.49229	0.543543	0.407835
125	M	0.572069	0.621293	0.57988	0.492005	0.543083	0.311695
126	A	0.564816	0.614282	0.57266	0.492005	0.543052	0.36252
127	A	0.545238	0.611867	0.570855	0.47405	0.542355	0.378385
128	E	0.552276	0.609479	0.56905	0.48298	0.54169	0.43149
129	E	0.533026	0.586898	0.54739	0.485545	0.54017	0.449445
130	G	0.536776	0.581224	0.543115	0.49362	0.53865	0.4845
131	D	0.536368	0.57698	0.538745	0.49761	0.538697	0.49666
132	S	0.506453	0.5703	0.53333	0.4731	0.53732	0.38779
133	G	0.522786	0.564868	0.528865	0.493905	0.536275	0.435765
134	T	0.519269	0.560739	0.5263	0.492955	0.53466	0.322525
135	E	0.519081	0.560079	0.52668	0.492385	0.533615	0.445645
136	D	0.527555	0.568428	0.53637	0.49115	0.53238	0.48811
137	L	0.524248	0.588077	0.55841	0.465643	0.53029	0.355205
138	S	0.540073	0.581591	0.55271	0.487255	0.529387	0.45714
139	G	0.535884	0.576506	0.54967	0.486115	0.52725	0.422845
140	K	0.570436	0.599512	0.5738	0.496565	0.52649	0.396815
141	T	0.596616	0.600246	0.57551	0.52174	0.525508	0.501315
142	L	0.602753	0.603938	0.58026	0.52326	0.524495	0.40166
143	K	0.616832	0.603131	0.58083	0.537415	0.52307	0.60838
144	R	0.666812	0.604999	0.584535	0.587195	0.521217	0.50122
145	P	0.672627	0.610834	0.59223	0.585865	0.519397	0.560025
146	R	0.692094	0.619356	0.60211	0.597645	0.51813	0.621775
147	L	0.699854	0.627646	0.611895	0.5966	0.516705	0.51927
148	V	0.708162	0.636622	0.622155	0.595745	0.515502	0.533045
149	W	0.712613	0.6411	0.628425	0.59451	0.513665	0.67222
150	T	0.66901	0.592392	0.58064	0.593465	0.512113	0.577695
151	P	0.676492	0.585355	0.575605	0.606575	0.510008	0.579975
152	Q	0.679967	0.589005	0.579975	0.6061	0.509295	0.49248
153	L	0.670115	0.591944	0.58501	0.59033	0.507158	0.65075
154	H	0.682643	0.591085	0.585485	0.60363	0.50578	0.663955
155	K	0.68084	0.5885	0.585105	0.602015	0.5035	0.47842
156	R	0.668636	0.588642	0.586815	0.58691	0.501885	0.56924
157	F	0.652551	0.584401	0.5852	0.571045	0.499177	0.65892
158	V	0.641544	0.584362	0.587005	0.557365	0.497277	0.58273
159	D	0.642717	0.585395	0.588335	0.55727	0.496969	0.452865
160	V	0.634634	0.5872	0.59166	0.545205	0.495393	0.48659
161	V	0.635022	0.587277	0.59299	0.544255	0.494095	0.60021
162	A	0.646181	0.588326	0.594035	0.55518	0.494095	0.450917
163	H	0.644118	0.585964	0.592325	0.554705	0.49343	0.501125
164	L	0.636997	0.577955	0.585675	0.55385	0.492068	0.61712
165	G	0.594225	0.544196	0.552995	0.54207	0.491118	0.6403
166	I	0.605963	0.53318	0.54283	0.5643	0.490295	0.43073
167	K	0.590263	0.516709	0.526965	0.56392	0.489725	0.48279
168	N	0.581849	0.493477	0.504165	0.57779	0.489313	0.47956
169	A	0.545352	0.456241	0.46797	0.576935	0.488205	0.62643
170	V	0.51305	0.438349	0.450775	0.562115	0.487421	0.536085
171	P	0.467672	0.380121	0.393205	0.57551	0.48621	0.661295
172	K	0.459937	0.372564	0.38627	0.575035	0.48545	0.628805
173	T	0.4443	0.371217	0.385985	0.559835	0.48431	0.453435
174	I	0.446088	0.372791	0.387885	0.559645	0.483993	0.634695
175	M	0.450857	0.377083	0.3933	0.55879	0.482885	0.49438
176	Q	0.466045	0.391564	0.408548	0.55822	0.482315	0.50654
177	L	0.482607	0.393391	0.4104	0.57266	0.482315	0.54606
178	M	0.46364	0.38923	0.405935	0.558505	0.482568	0.661548
179	N	0.529802	0.439507	0.45619	0.57323	0.483138	0.57532
180	V	0.541814	0.435812	0.452295	0.58881	0.483313	0.59242
181	E	0.536004	0.430384	0.446025	0.589285	0.48412	0.502455
182	G	0.532939	0.427229	0.44308	0.58919	0.483882	0.63194
183	L	0.576243	0.470767	0.486495	0.58938	0.484247	0.60648
184	T	0.573966	0.468414	0.484167	0.58938	0.484215	0.608095
185	R	0.572623	0.46723	0.4826	0.58957	0.484595	0.595365
186	E	0.57198	0.466567	0.48165	0.589855	0.48488	0.550905
187	N	0.572294	0.46671	0.482363	0.589475	0.48431	0.58026
188	V	0.585215	0.47993	0.4959	0.58919	0.484025	0.575415
189	A	0.599889	0.495026	0.51129	0.589	0.48374	0.558125
190	S	0.63319	0.513725	0.5301	0.60477	0.483598	0.616835
191	H	0.652168	0.534472	0.55043	0.60496	0.48393	0.657495
192	L	0.696212	0.567185	0.583775	0.62035	0.483028	0.62909
193	Q	0.699344	0.570699	0.587575	0.62016	0.482695	0.632035
194	K	0.736193	0.614661	0.630705	0.62035	0.482933	0.62016
195	Y	0.748137	0.64498	0.66063	0.604105	0.482742	0.62054
196	R	0.737108	0.646386	0.662815	0.58786	0.48184	0.621585
197	L	0.727585	0.649809	0.66633	0.572185	0.48165	0.55651
198	Y	0.731696	0.654659	0.670605	0.572565	0.482172	0.533235
199	L	0.72015	0.654863	0.67051	0.55841	0.482505	0.54967
200	K	0.70998	0.654427	0.66899	0.54777	0.48374	0.55613
201	R	0.701713	0.65569	0.66975	0.537035	0.484278	0.56772
202	M	0.671316	0.64898	0.66272	0.509675	0.484785	0.399095
203	Q	0.636373	0.62513	0.638495	0.497705	0.48564	0.47728
204	G	0.611663	0.603506	0.61636	0.495045	0.486495	0.48659
205	L	0.609934	0.60522	0.617785	0.49172	0.48678	0.420565
206	T	0.609937	0.595377	0.607145	0.50293	0.48773	0.43453
207	N	0.583914	0.567764	0.57912	0.504925	0.488395	0.468872
208	E	0.544014	0.52782	0.538745	0.505305	0.489028	0.48602
209	G	0.538956	0.508748	0.518225	0.52079	0.490517	0.488585
210	P	0.544721	0.514424	0.5244	0.52041	0.49001	0.51946
211	S	0.580695	0.551052	0.56031	0.52079	0.490627	0.48621
212	A	0.611129	0.582044	0.59109	0.520885	0.490675	0.475665
213	S	0.615749	0.58169	0.591565	0.525255	0.48982	0.46664
214	D	0.628406	0.599493	0.60914	0.52041	0.489915	0.493145
215	K	0.637658	0.62394	0.63327	0.504735	0.49001	0.424745
216	L	0.638778	0.624054	0.632985	0.506255	0.490438	0.510055
217	F	0.62518	0.618925	0.62795	0.49704	0.49039	0.48127
218	S	0.618657	0.609802	0.617595	0.501125	0.491783	0.44821
219	S	0.621419	0.602014	0.610375	0.51167	0.491245	0.50445
220	T	0.617748	0.596813	0.604485	0.51395	0.492005	0.43054
221	P	0.612623	0.589662	0.597835	0.51547	0.49153	0.58748
222	V	0.645858	0.587173	0.59527	0.553565	0.491625	0.485355
223	P	0.629953	0.581301	0.58957	0.542355	0.491483	0.56506
224	P	0.626475	0.577626	0.586055	0.54226	0.49134	0.57247
225	Q	0.595733	0.575817	0.58444	0.51167	0.49115	0.50711
226	S	0.586571	0.576677	0.585295	0.501315	0.49115	0.456285
227	F	0.561515	0.577003	0.58691	0.47405	0.48982	0.440515
228	Q	0.550407	0.573276	0.5833	0.466545	0.489725	0.39368
229	D	0.551924	0.571772	0.58159	0.469823	0.489947	0.39615
230	I	0.556915	0.573684	0.58349	0.47291	0.489947	0.418855
231	G	0.560612	0.554143	0.562685	0.497895	0.49134	0.46911
232	G	0.521336	0.504722	0.512335	0.50901	0.492385	0.545965
233	G	0.502155	0.485438	0.493525	0.50863	0.49191	0.50084
234	G	0.477031	0.447836	0.455097	0.522025	0.49267	0.481128
235	G	0.490051	0.455419	0.46341	0.52668	0.491957	0.487825
236	S	0.473837	0.443921	0.45296	0.52098	0.490865	0.390165
237	S	0.468978	0.453429	0.464075	0.504925	0.489282	0.460655
238	G	0.484191	0.467509	0.477565	0.506635	0.489915	0.50616
239	N	0.540859	0.533866	0.545965	0.494855	0.487825	0.493715
240	V	0.575816	0.556495	0.568575	0.507395	0.48773	0.359765
241	G	0.576503	0.565578	0.578835	0.49761	0.486463	0.516135
242	V	0.588356	0.575782	0.589475	0.498845	0.485925	0.442035
243	P	0.577119	0.583745	0.598595	0.47785	0.484643	0.555085
244	I	0.605044	0.592281	0.607145	0.4978	0.484524	0.41249
245	P	0.608875	0.596496	0.61142	0.497325	0.484405	0.576365
246	G	0.621752	0.600711	0.61522	0.50692	0.484785	0.433295
247	A	0.613879	0.60483	0.618925	0.494665	0.485165	0.480225
248	Y	0.625557	0.607679	0.62111	0.504735	0.48583	0.4959
249	G	0.608695	0.603763	0.616645	0.491625	0.486463	0.456285
250	T	0.567401	0.562261	0.575605	0.491625	0.4864	0.434055
251	Q	0.544616	0.539614	0.553945	0.49058	0.485545	0.48868
252	Q	0.540311	0.534009	0.548055	0.492195	0.485862	0.44118
253	M	0.537242	0.527684	0.542355	0.494855	0.48526	0.43263
254	M	0.544844	0.521989	0.535325	0.50958	0.486622	0.466545
255	Q	0.538782	0.515828	0.52934	0.509485	0.486463	0.53333
256	M	0.55227	0.509291	0.522215	0.530195	0.487065	0.523925
257	P	0.543021	0.506722	0.51984	0.52326	0.486875	0.590425
258	V	0.552306	0.500635	0.51243	0.53998	0.488205	0.484738
259	Y	0.538597	0.495693	0.508155	0.53048	0.48754	0.487825
260	A	0.510065	0.467181	0.479465	0.530575	0.487683	0.450585
261	H	0.504641	0.46211	0.473195	0.53143	0.48887	0.568765
262	H	0.501973	0.460022	0.469585	0.53238	0.49039	0.51414
263	M	0.50121	0.459122	0.469015	0.53219	0.490057	0.40432
264	G	0.474791	0.433506	0.441845	0.53314	0.49153	0.53751
265	M	0.476172	0.435484	0.441893	0.53447	0.493493	0.482505
266	Q	0.476839	0.443497	0.44783	0.52915	0.495615	0.50768
267	G	0.482202	0.448837	0.45296	0.52934	0.495837	0.483075
268	Y	0.495486	0.462461	0.465595	0.52991	0.49685	0.51433
269	H	0.498921	0.4663	0.46797	0.530955	0.498323	0.482885
270	H	0.509702	0.47005	0.47158	0.53808	0.498465	0.496375
271	Q	0.49607	0.479261	0.48013	0.515945	0.49913	0.531335
272	N	0.504439	0.487762	0.486685	0.51775	0.501078	0.369075
273	H	0.500635	0.49522	0.49267	0.507965	0.50255	0.531525
274	N	0.509755	0.503327	0.49989	0.509865	0.503437	0.437
275	H	0.512793	0.508472	0.503595	0.5092	0.504878	0.52839
276	D	0.528451	0.514122	0.50806	0.52041	0.506065	0.37734
277	P	0.535361	0.522713	0.51604	0.519365	0.506683	0.557175
278	Y	0.58155	0.569628	0.561925	0.52003	0.507838	0.45695
279	H	0.569808	0.560462	0.551	0.51908	0.50958	0.49267
280	Q	0.558124	0.549006	0.538745	0.519555	0.51034	0.4826
281	N	0.547934	0.540764	0.52896	0.51908	0.51186	0.439375
282	H	0.540091	0.532521	0.518225	0.52193	0.51433	0.477755
283	R	0.534231	0.526457	0.510435	0.52383	0.51604	0.389595
284	H	0.531783	0.521657	0.503405	0.52839	0.518257	0.522595
285	H	0.548405	0.522292	0.501695	0.546725	0.5206	0.49362
286	H	0.540957	0.508214	0.484975	0.555845	0.523228	0.510815
287	G	0.516648	0.48395	0.46037	0.55613	0.52364	0.54777
288	A	0.535901	0.494204	0.46835	0.567245	0.525873	0.472815
289	G	0.525746	0.484692	0.455905	0.569525	0.528865	0.536845
290	G	0.529097	0.488321	0.45828	0.570475	0.5301	0.54834
291	N	0.541178	0.500637	0.46949	0.57133	0.531145	0.53561
292	G	0.575779	0.524028	0.49248	0.58311	0.531525	0.49742
293	A	0.608437	0.569551	0.536845	0.572755	0.533045	0.52098
294	F	0.630593	0.592519	0.55974	0.573135	0.53352	0.55822
295	E	0.642699	0.59481	0.558315	0.58729	0.53732	0.5453
296	S	0.651799	0.594248	0.55708	0.59812	0.537985	0.512905
297	N	0.655869	0.59969	0.559075	0.600495	0.541595	0.566865
298	P	0.657642	0.60043	0.56335	0.598215	0.538048	0.623295
299	Y	0.664901	0.618789	0.581685	0.587955	0.538602	0.56145
300	M	0.670037	0.614561	0.575225	0.599925	0.54074	0.446215
301	M	0.664392	0.609365	0.56696	0.60192	0.543685	0.511765
302	Q	0.652349	0.609044	0.5605	0.595365	0.54986	0.48279
303	Q	0.642527	0.609767	0.55784	0.587575	0.55328	0.62415
304	N	0.652948	0.611138	0.557745	0.59869	0.5548	0.56639
305	K	0.669782	0.618987	0.56373	0.61085	0.556985	0.472815
306	F	0.674739	0.624442	0.568765	0.611325	0.55765	0.529055
307	G	0.65553	0.625608	0.56696	0.59242	0.56069	0.61598
308	S	0.666155	0.627023	0.56715	0.60363	0.561988	0.583395
309	M	0.678125	0.629586	0.56981	0.613985	0.56202	0.49286
310	A	0.692271	0.63445	0.57323	0.626145	0.56373	0.477185
311	S	0.684089	0.638831	0.571615	0.618735	0.57	0.572185
312	Y	0.68867	0.64579	0.57228	0.623105	0.576745	0.60306
313	P	0.67844	0.626582	0.54606	0.63688	0.582445	0.65892
314	S	0.685528	0.62304	0.539885	0.650085	0.58482	0.55898
315	V	0.704068	0.635866	0.540265	0.66937	0.59774	0.56449
316	G	0.672574	0.61423	0.517655	0.65683	0.59736	0.58273
317	G	0.644017	0.598012	0.495235	0.648375	0.602585	0.631275
318	G	0.631105	0.573632	0.46797	0.66044	0.604675	0.647805
319	S	0.610229	0.549334	0.448685	0.65797	0.59964	0.511005
320	A	0.617783	0.54342	0.442985	0.670225	0.59945	0.50901
321	N	0.596689	0.518287	0.425362	0.66652	0.59242	0.65189
322	E	0.56617	0.476242	0.408358	0.654075	0.56848	0.608285
323	N	0.406796	0.430959	0.36993	0.538745	0.563303	0.72694
