POS	AMINO ACID	IUPRED SCORE	ANCHOR SCORE
1	M	0.9665	0.7882
2	G	0.9299	0.7801
3	E	0.9103	0.7764
4	E	0.8857	0.7669
5	V	0.8677	0.7584
6	Q	0.8424	0.7470
7	M	0.8311	0.7290
8	S	0.7772	0.7080
9	D	0.6944	0.6955
10	Y	0.6604	0.6734
11	D	0.6474	0.6626
12	V	0.5900	0.6466
13	S	0.6079	0.6346
14	G	0.5514	0.6280
15	D	0.5296	0.6264
16	G	0.4967	0.6295
17	D	0.4967	0.6385
18	R	0.5229	0.6410
19	V	0.5331	0.6559
20	S	0.5296	0.6669
21	E	0.6219	0.6848
22	W	0.5412	0.7001
23	E	0.5583	0.7162
24	M	0.5583	0.7292
25	G	0.4879	0.7410
26	L	0.4703	0.7524
27	P	0.3885	0.7597
28	S	0.3630	0.7645
29	D	0.3225	0.7807
30	E	0.3096	0.7942
31	D	0.3359	0.8090
32	L	0.3359	0.8186
33	A	0.4282	0.8181
34	S	0.3359	0.8223
35	L	0.3491	0.8297
36	S	0.3225	0.8358
37	Y	0.3668	0.8438
38	S	0.2657	0.8560
39	L	0.2657	0.8694
40	I	0.1805	0.8764
41	P	0.1667	0.8769
42	P	0.1766	0.8773
43	N	0.2483	0.8784
44	L	0.2748	0.8849
45	A	0.2748	0.8840
46	M	0.3456	0.8782
47	A	0.3456	0.8659
48	F	0.3578	0.8518
49	S	0.3762	0.8241
50	I	0.4420	0.7956
51	T	0.4556	0.7654
52	P	0.4282	0.7352
53	E	0.4078	0.6994
54	R	0.3847	0.6644
55	S	0.4513	0.6293
56	R	0.4879	0.6053
57	T	0.5126	0.5921
58	I	0.5374	0.5899
59	Q	0.5711	0.5893
60	D	0.5667	0.6023
61	V	0.6412	0.6085
62	N	0.6079	0.6211
63	R	0.5762	0.6431
64	A	0.5667	0.6727
65	S	0.5762	0.6941
66	E	0.5762	0.7122
67	T	0.5711	0.7307
68	T	0.5802	0.7469
69	L	0.6650	0.7710
70	S	0.6516	0.7695
71	S	0.6442	0.7680
72	L	0.6827	0.7710
73	R	0.6827	0.7513
74	G	0.6756	0.7237
75	G	0.7034	0.6835
76	S	0.7079	0.6376
77	S	0.6984	0.5799
78	G	0.6827	0.5395
79	P	0.6870	0.4955
80	N	0.7388	0.4366
81	T	0.7458	0.4153
82	S	0.7573	0.4026
83	S	0.7951	0.3845
84	S	0.7817	0.4148
85	N	0.7772	0.4462
86	N	0.7724	0.4962
87	N	0.7724	0.5649
88	V	0.7772	0.6480
89	E	0.8001	0.6915
90	E	0.7724	0.7320
91	E	0.7688	0.7747
92	D	0.7869	0.8090
93	R	0.7869	0.8347
94	V	0.7724	0.8558
95	G	0.7573	0.8414
96	S	0.7817	0.8269
97	S	0.7605	0.7966
98	S	0.7573	0.7491
99	P	0.7724	0.6846
100	G	0.7644	0.6078
101	S	0.7605	0.5261
102	D	0.7644	0.4425
103	S	0.7644	0.3597
104	K	0.7688	0.2868
105	K	0.8001	0.2386
106	Q	0.8001	0.2328
107	K	0.8036	0.2238
108	T	0.8036	0.2324
109	S	0.7817	0.2686
110	N	0.7644	0.3081
111	G	0.7912	0.3801
112	D	0.8001	0.4526
113	G	0.7869	0.5231
114	D	0.7724	0.6028
115	D	0.7869	0.6964
116	G	0.7951	0.7740
117	G	0.7573	0.8327
118	G	0.7817	0.8760
119	V	0.8001	0.9030
120	D	0.8001	0.9093
121	P	0.8036	0.9146
122	D	0.8001	0.9141
123	S	0.7869	0.9147
124	A	0.7772	0.9133
125	M	0.7724	0.9042
126	A	0.7688	0.8770
127	A	0.7192	0.8434
128	E	0.7147	0.7961
129	E	0.7147	0.7459
130	G	0.7317	0.6929
131	D	0.7192	0.6487
132	S	0.6374	0.6157
133	G	0.6255	0.5813
134	T	0.6174	0.5472
135	E	0.6474	0.5253
136	D	0.6516	0.5146
137	L	0.6035	0.5302
138	S	0.5623	0.5356
139	G	0.4781	0.5580
140	K	0.4651	0.5763
141	T	0.4879	0.5994
142	L	0.4918	0.6245
143	K	0.4149	0.6373
144	R	0.4149	0.6570
145	P	0.4203	0.6745
146	R	0.4078	0.6832
147	L	0.3146	0.6982
148	V	0.3005	0.7000
149	W	0.2963	0.6986
150	T	0.2255	0.6838
151	P	0.1732	0.6738
152	Q	0.1532	0.6572
153	L	0.2122	0.6431
154	H	0.1495	0.6280
155	K	0.1566	0.6058
156	R	0.0789	0.5870
157	F	0.0858	0.5699
158	V	0.1266	0.5457
159	D	0.1416	0.5264
160	V	0.1495	0.5133
161	V	0.1698	0.5055
162	A	0.1566	0.4949
163	H	0.1456	0.4858
164	L	0.1266	0.4750
165	G	0.1018	0.4664
166	I	0.1041	0.4597
167	K	0.0567	0.4543
168	N	0.0789	0.4510
169	A	0.1205	0.4504
170	V	0.0789	0.4503
171	P	0.1150	0.4483
172	K	0.1602	0.4458
173	T	0.1178	0.4448
174	I	0.1117	0.4447
175	M	0.1805	0.4455
176	Q	0.1805	0.4450
177	L	0.2700	0.4444
178	M	0.2041	0.4434
179	N	0.1698	0.4411
180	V	0.1958	0.4387
181	E	0.2748	0.4369
182	G	0.1844	0.4378
183	L	0.1878	0.4395
184	T	0.1921	0.4393
185	R	0.2122	0.4397
186	E	0.2602	0.4397
187	N	0.1921	0.4450
188	V	0.2080	0.4518
189	A	0.1844	0.4634
190	S	0.1805	0.4763
191	H	0.2558	0.4903
192	L	0.2255	0.5028
193	Q	0.2432	0.5098
194	K	0.3311	0.5177
195	Y	0.2700	0.5311
196	R	0.2602	0.5434
197	L	0.2602	0.5547
198	Y	0.2657	0.5616
199	L	0.3263	0.5629
200	K	0.3885	0.5547
201	R	0.3847	0.5492
202	M	0.3456	0.5386
203	Q	0.4149	0.5252
204	G	0.4203	0.5176
205	L	0.4149	0.5098
206	T	0.4458	0.4982
207	N	0.3717	0.4964
208	E	0.4379	0.4999
209	G	0.5084	0.5087
210	P	0.5667	0.5218
211	S	0.5941	0.5391
212	A	0.5374	0.5559
213	S	0.5941	0.5742
214	D	0.6079	0.5941
215	K	0.6255	0.6080
216	L	0.6827	0.6227
217	F	0.6412	0.6348
218	S	0.6516	0.6313
219	S	0.6650	0.6254
220	T	0.6219	0.6202
221	P	0.5941	0.6156
222	V	0.5941	0.6090
223	P	0.6293	0.5995
224	P	0.6293	0.5873
225	Q	0.6174	0.5736
226	S	0.6174	0.5647
227	F	0.6650	0.5542
228	Q	0.7232	0.5365
229	D	0.7232	0.5267
230	I	0.6715	0.5169
231	G	0.6756	0.5024
232	G	0.5992	0.4931
233	G	0.6681	0.4866
234	G	0.5941	0.4898
235	G	0.5900	0.4960
236	S	0.5667	0.5044
237	S	0.5374	0.5149
238	G	0.5126	0.5250
239	N	0.4967	0.5436
240	V	0.4703	0.5641
241	G	0.5374	0.5822
242	V	0.5583	0.6056
243	P	0.5173	0.6219
244	I	0.4703	0.6374
245	P	0.4918	0.6418
246	G	0.4420	0.6465
247	A	0.4651	0.6491
248	Y	0.4282	0.6509
249	G	0.3535	0.6530
250	T	0.3311	0.6573
251	Q	0.4037	0.6683
252	Q	0.4203	0.6821
253	M	0.4245	0.6891
254	M	0.4037	0.6962
255	Q	0.4078	0.6999
256	M	0.4149	0.7076
257	P	0.4149	0.7123
258	V	0.3630	0.7136
259	Y	0.4600	0.7126
260	A	0.4749	0.7154
261	H	0.5008	0.7137
262	H	0.4879	0.7003
263	M	0.4749	0.6868
264	G	0.5229	0.6735
265	M	0.5762	0.6701
266	Q	0.5623	0.6710
267	G	0.6255	0.6689
268	Y	0.5229	0.6692
269	H	0.5667	0.6790
270	H	0.6681	0.6850
271	Q	0.6870	0.6797
272	N	0.6870	0.6743
273	H	0.6870	0.6831
274	N	0.7388	0.6933
275	H	0.7501	0.7127
276	D	0.8074	0.7252
277	P	0.7724	0.7316
278	Y	0.7605	0.7438
279	H	0.8311	0.7566
280	Q	0.8158	0.7601
281	N	0.8158	0.7653
282	H	0.7869	0.7765
283	R	0.7644	0.7843
284	H	0.6944	0.7879
285	H	0.6984	0.7884
286	H	0.6906	0.7788
287	G	0.6870	0.7646
288	A	0.6906	0.7538
289	G	0.7079	0.7368
290	G	0.6681	0.7207
291	N	0.6124	0.7140
292	G	0.6334	0.7173
293	A	0.6474	0.7297
294	F	0.6374	0.7339
295	E	0.6374	0.7253
296	S	0.5623	0.7315
297	N	0.5412	0.7384
298	P	0.5473	0.7533
299	Y	0.5296	0.7716
300	M	0.5084	0.7940
301	M	0.5084	0.8101
302	Q	0.4245	0.8245
303	Q	0.4458	0.8289
304	N	0.4600	0.8244
305	K	0.4825	0.8321
306	F	0.4651	0.8413
307	G	0.4556	0.8315
308	S	0.4458	0.8235
309	M	0.4203	0.8136
310	A	0.4556	0.8021
311	S	0.4918	0.7787
312	Y	0.5374	0.7536
313	P	0.5126	0.7193
314	S	0.5229	0.6898
315	V	0.5583	0.6649
316	G	0.5900	0.6172
317	G	0.6827	0.5744
318	G	0.7232	0.5484
319	S	0.7573	0.5331
320	A	0.8311	0.5159
321	N	0.8823	0.4934
322	E	0.9103	0.4799
323	N	0.9640	0.4630